1.0 0.0 0.0 0.0 0.0 -1.0 0.0 0.0 0.0 0.0 -1.0 0.0
0.9997539801794394 0.003869597181281612 -0.02184045175869143 -0.0495894 0.0038220043690549207 -0.9999902309282792 -0.0022204347794250673 -0.0735588 -0.021848830585915465 0.0021364142064152145 -0.9997590031284372 3.55139
0.9991445940337544 -0.0005928854503980397 -0.041348865763968796 -0.210747 -0.0004624313579695555 -0.9999948861776635 0.0031644550495561695 -0.147616 -0.04135053047257279 -0.00314262714368113 -0.9991397587546362 7.4899
0.9986266583389037 0.0007884751398975241 -0.05238487913346949 -0.441211 0.0007479162540480431 -0.9999994052142006 -0.0007938466617514843 -0.216378 -0.052385473904044945 0.0007535769364881149 -0.9986266540833214 11.671
0.9981442065328487 0.005380318835677654 -0.060656369279214105 -0.721128 0.005833356346620661 -0.9999563815070989 0.007294315386825189 -0.30285 -0.06061447779733219 -0.007634608860680847 -0.9981320543038887 16.0523
0.9978065074264877 0.00315595904117407 -0.06612271667048099 -1.02823 0.003545814602225884 -0.9999770125364249 0.005779411521349151 -0.401862 -0.06610295709089657 -0.006001193319406838 -0.9977947608313955 20.6077
0.998240763791204 -0.004561195826365764 -0.059114913500632894 -1.34392 -0.0041887511119323975 -0.9999706009659196 0.006422738355246018 -0.466575 -0.05914247094665601 -0.006163821581714283 -0.9982305221910582 25.3199
0.9983721221191408 -0.0061561260565636735 -0.05670280316967145 -1.62289 -0.006304150468126825 -0.9999771712132142 -0.0024320237032198987 -0.536925 -0.05668653686897817 0.0027855276687738903 -0.9983881396397936 30.1338
0.9980986845013523 0.0016408204530793196 -0.061614314123513106 -1.91824 0.0008565778351360696 -0.9999183165335089 -0.012752510937302538 -0.620186 -0.06163020583352406 0.012675486934805457 -0.9980185618313336 35.0587
0.997785858332586 -0.010049764981455284 -0.06574483352569883 -2.27451 -0.010323027629863694 -0.9999394270973008 -0.0038180147819146678 -0.685963 -0.06570248101904073 0.0044882468893058065 -0.997829163548452 40.0773
0.9977391716879106 -0.005637407149087342 -0.06696838746870047 -2.55487 -0.0057377988625425865 -0.9999826847632752 -0.0013068427012362788 -0.740186 -0.06695986069083167 0.0016881392917020967 -0.9977542419062907 44.0188
0.9976649037092566 -0.006676841541989875 -0.0679717565892127 -2.62545 -0.0069358632937960634 -0.9999695545413791 -0.003575442725827631 -0.755806 -0.06794581449338727 0.004038536534322746 -0.9976808390038827 45.0077
0.9974326399506781 -0.0020541978615937714 -0.07158148526096766 -2.9899 -0.002073470017151966 -0.9999978313601467 -0.0001949284264942475 -0.836634 -0.0715809296049491 0.00034285003851141087 -0.9974347361961795 49.8995
0.9972982914552853 -0.0047799436796929235 -0.0733025920332147 -3.34488 -0.005634122065589558 -0.999918568897131 -0.011450425462106882 -0.922243 -0.07324189053348489 0.011832485501034532 -0.9972440111416807 54.7008
0.9968749950593115 -0.005171350884580087 -0.07882576580995569 -3.7137 -0.006104430926509208 -0.9999140740956495 -0.01160087705750732 -0.97557 -0.07875900042890911 0.012045810702002356 -0.9968209058281082 59.4006
0.9965546485948903 -0.004173019020632884 -0.08283367839332088 -4.1186 -0.004121229191399829 -0.9999911907291849 0.0007961997105886257 -1.06532 -0.0828362712455518 -0.0004520799493714221 -0.9965630676429128 63.8758
0.9958228395888425 -0.00928256437412781 -0.09083339777776916 -4.50573 -0.008842868944612505 -0.9999471614817407 0.005241937946762037 -1.14447 -0.09087725690205814 -0.0044168136987504086 -0.9958523062857804 68.0131
0.9953253582591295 0.002340338291390603 -0.09655026682002277 -4.90463 0.003426737800952735 -0.9999326558590846 0.01108788594100968 -1.20736 -0.09651781532121032 -0.011366906495576068 -0.9952663486536364 71.7362
0.994930545390677 0.006161981627772868 -0.10037549417576472 -5.23536 0.006619518499871063 -0.9999691617018348 0.004225827748469161 -1.29702 -0.10034635929339863 -0.004868842547141655 -0.9949406527772456 74.9797
0.9966641403280515 0.0017577468257467446 -0.08159351512370305 -5.49485 0.0018571921885932297 -0.99999762229181 0.0011429120266376693 -1.37875 -0.081591312168147 -0.001290634271427029 -0.996665035025237 77.7992
0.9999780498905759 -0.0023846478177475612 -0.006181681957694674 -5.58263 -0.0023358885385501697 -0.9999662007104619 0.007882960193983974 -1.44063 -0.006200271105060328 -0.007868347442111191 -0.9999498216144418 80.3028
0.9867709109461726 -0.007901455937741206 0.1619281825517862 -5.275 -0.008169241621434724 -0.9999661431216744 0.0009879785895975156 -1.48738 0.16191489369971895 -0.0022977389814377866 -0.9868020508662221 82.5301
0.9082341074808857 -0.0011613928629520699 0.4184608191635346 -4.47062 -0.0025281062154409654 -0.9999931277403211 0.0027116694291890848 -1.52935 0.4184547940785982 -0.0035207440616486017 -0.9082308019847654 84.4435
0.728435852903889 -0.0017871482992979119 0.6851116801698391 -3.16833 0.0004167665566098043 -0.9999952568289079 -0.0030516594377070754 -1.56471 0.685113884335897 0.002508469781115898 -0.7284316529843664 85.8775
0.49342674449012636 -0.0015402563376257755 0.8697859940423793 -1.52963 0.004826957469972802 -0.9999781839045195 -0.004509123706648618 -1.59918 0.8697739639144522 0.006423342232295461 -0.49340854509332155 86.7974
0.30310814976656975 -0.005903661888192928 0.9529378764229053 0.278572 0.02485734440558008 -0.9995915783108378 -0.014099255269349195 -1.62717 0.9526319131617358 0.027961104169145268 -0.3028376044672343 87.3027
0.1980602071157666 0.006110286494790262 0.9801708110101072 1.81264 0.021898800695753784 -0.9997585588259934 0.00180736887770808 -1.66456 0.9799452009604145 0.02110659738385223 -0.19814619517298 87.6119
0.17784259124242785 0.012223167939939676 0.9839830318179732 2.21248 0.029380951112219653 -0.9995430262772437 0.007106217859772581 -1.66955 0.9836202379231123 0.027646569154982373 -0.178120450151123 87.6606
0.09729518563137993 0.007960744799454786 0.995223730321576 4.47877 0.028459402116852633 -0.9995813540762517 0.005213349617880137 -1.71977 0.9948485861095177 0.02781623851862291 -0.09748101143591228 87.9037
0.07792696778609057 0.006983134938205498 0.9969346134617357 5.46213 0.03516117465290196 -0.9993726102584186 0.004251783426161565 -1.74096 0.9963388376896153 0.03472206347136746 -0.07812361243309604 87.9633
0.0701165118259943 0.0073518788267478916 0.997511716546263 6.00551 0.03739770312660656 -0.9992892373144663 0.004736242004680681 -1.75169 0.9968375427170717 0.036972558272176895 -0.07034161900753402 87.9934
0.0579316259867675 0.00803584845200081 0.998288210813984 7.09629 0.039801672638392856 -0.9991911504432672 0.005733387397152994 -1.77081 0.997526818469416 0.039401396111255996 -0.058204608226225626 88.0519
0.039322150338946926 0.007230332720112621 0.9992004257312332 10.1743 0.0470842812102701 -0.9988764584682284 0.0053750517097019244 -1.826 0.9981166459666091 0.04683527523914248 -0.0396184052889601 88.1799
0.04762038424315739 0.006063362950865885 0.9988471027310739 13.7092 0.05889134259427496 -0.9982591013505672 0.0032521282573449994 -1.89393 0.9971279299929263 0.05866857932901182 -0.04789456156535577 88.3288
0.06800867677310647 0.001121962051480043 0.9976840988432791 17.6501 0.05455391576446414 -0.998507452032922 -0.002595863918884188 -1.95681 0.9961920950089569 0.05460411555804793 -0.06796837798409254 88.5774
0.07144979441121822 0.010799798861290011 0.9973857284035851 21.7162 0.040750216552494285 -0.9991381370932413 0.007899547884020388 -2.06077 0.9966114321687861 0.04007926334655852 -0.07182830862604052 88.9141
0.07032948540070634 0.009985075460419908 0.997473840133826 25.7655 0.030813540538362445 -0.9994944593710553 0.00783271383699299 -2.18343 0.9970477868200512 0.030184829875473 -0.0706016065159019 89.2352
0.06439707980710219 0.00781816608925481 0.9978937280048006 27.3686 0.025121312592893127 -0.999665116172412 0.006210890564828368 -2.23091 0.9976081073076382 0.02466843706031963 -0.06457191686076225 89.3598
0.044688206781408106 0.002449480677137213 0.9989979800875848 29.8218 0.02002553622825031 -0.9997982585916925 0.0015556399938295232 -2.29569 0.998800251338291 0.019935951480471132 -0.04472824348367772 89.5023
-0.006002084192840301 -1.1971418066924339e-05 0.9999819872587843 33.7871 0.02034419297998017 -0.9997930294221105 0.00011014060269979795 -2.38742 0.9997750190904631 0.020344487598467232 0.006001085486845764 89.5625
-0.06104252339905852 0.0019616553453715 0.9981332387238597 37.6512 0.02066211567454565 -0.9997813029001325 0.003228520894358834 -2.47312 0.9979212831245394 0.020820621499359523 0.060988641626562874 89.4026
-0.10246501920167463 -0.002100489737105915 0.9947343905700983 41.3166 0.027921960922276633 -0.9996098130196062 0.0007653843236033065 -2.56348 0.9943446504800311 0.027853359900957615 0.10248368847759347 89.0718
-0.10995948842477904 -0.005725554020069211 0.9939195787067099 44.7152 0.0353751942142892 -0.999372401943563 -0.0018433306416477946 -2.63017 0.9933063508000246 0.03495740643578106 0.11009302064900123 88.6886
-0.069098130706822 -0.0014996004699232568 0.9976087407051193 47.7222 0.034008333568913286 -0.9994211851183558 0.0008532200696333182 -2.69508 0.9970300304307231 0.03398596673705642 0.06910913459347637 88.452
0.05539029681667589 0.010927409995341992 0.9984049813223861 50.3495 0.028013116978890192 -0.9995634892829816 0.009385955974635582 -2.7714 0.9980717310372473 0.027448544646747362 -0.05567222917297238 88.5353
0.27962923146730023 -0.0015901801698245477 0.960106746271494 52.8294 0.01523600645519944 -0.9998653576919866 -0.00609348789883435 -2.84513 0.9599871650268582 0.016332109921979355 -0.2795673535468549 89.172
0.5697911307411125 0.018587132013895162 0.821579324138736 54.8769 0.02462855268740794 -0.9996813440233856 0.005535774934067798 -2.91425 0.8214204171563352 0.017080074212225065 -0.5700673375519922 90.4357
0.8095976980647038 0.01421160175512193 0.5868130857980983 56.3212 0.01725459401989042 -0.999851044619697 0.00040933862391088517 -2.99338 0.5867314941892426 0.009793821953358086 -0.8097223195503532 92.2958
0.9394595429944275 -0.007006694329067264 0.3425881978575449 57.1452 -0.008466788026338016 -0.9999603290553214 0.002766553106316165 -3.05095 0.3425552226681391 -0.005499686368514579 -0.9394815979425193 94.5187
0.9743763785956234 -0.005697911058012623 0.22485152133008482 57.7026 -0.007299101635297203 -0.999953575363554 0.006290487498026014 -3.07785 0.22480524004167743 -0.007770516534967116 -0.9743727331584067 96.9324
0.9780874463175424 0.005262821471111068 0.2081279656033562 58.2046 -4.1885534225954025e-05 -0.9996754560454213 0.025475102079899455 -3.10706 0.20819448984454567 -0.024925595089034226 -0.9777697935137017 99.5342
0.972877378750185 0.007420989655836159 0.23120236769699481 58.8593 0.0004955643082194244 -0.999549846637688 0.02999764161713811 -3.17141 0.23132090336194183 -0.029069451303762338 -0.9724431123046287 102.425
0.9702020215056734 0.005706790213220208 0.24223020045355037 59.6607 0.002488721594408266 -0.9999045671823285 0.013589068869724955 -3.22641 0.24228463370822845 -0.012581298557100374 -0.9701236350050889 105.569
0.9725749805687022 -0.0012344975316112177 0.23258629191685637 60.4826 -0.004664753815597996 -0.9998883098025094 0.01419887291726305 -3.29808 0.23254278583441057 -0.014894426344279526 -0.972472112104119 109.009
0.9759746479685723 0.010234270766328522 0.21764362206254262 61.3075 0.005482374624397438 -0.9997334726477807 0.02242603924207147 -3.36348 0.21781512824204652 -0.02069404188385246 -0.9757706321361646 112.737
0.9776969603314236 0.00022291279009160653 0.2100204848784582 62.1687 -0.0017836276589462392 -0.9999545607864246 0.009364562712835874 -3.44555 0.21001302919359294 -0.009530302844947141 -0.9776521369570133 116.729
0.9759919196739513 0.004017180035915616 0.21776968337147914 63.0052 -0.004070139671544985 -0.9993189295622733 0.0366757546829792 -3.52777 0.21776869998741635 -0.03668159324608183 -0.9753108499461693 120.848
0.9744271099336185 0.006463361717619436 0.22461084653623373 63.966 0.0013774751549010438 -0.9997392698184498 0.02279243174983508 -3.63894 0.2246995994402615 -0.021900167537726088 -0.9741819504965209 125.026
0.9731156406005522 0.014782090410146213 0.22984220635401753 64.9176 0.009132847044592642 -0.9996299516470694 0.025623248719429524 -3.72737 0.23013591880329454 -0.022835270376852006 -0.9728905433312524 129.179
0.9741136934726831 -0.01582303742300085 0.2255041987984217 65.8829 -0.019202690453452995 -0.9997336543102373 0.01280144987287772 -3.82381 0.22524157890664115 -0.016800354942954343 -0.974158087378755 133.336
0.9764723296244714 0.007935591748373593 0.21549667250647128 66.7658 0.0036627253237186356 -0.9997888435278438 0.020220108814249103 -3.91862 0.21561162751800092 -0.01895507163954357 -0.9762952070650449 137.372
0.9792677976257144 0.003608711291541068 0.20253779335249258 67.5561 -0.003038881308629768 -0.9994670853567081 0.03250093058603575 -4.03042 0.20254714447178648 -0.032442603030283464 -0.9787349650313636 141.361
0.983445644025558 0.005228143371479071 0.18112794307903582 68.3253 0.0011011277534002458 -0.9997376544412367 0.02287815136773055 -4.12572 0.18120003522302605 -0.02229997330091135 -0.9831933982823281 145.33
0.9878306887883515 -0.0013663968921485137 0.15552704988992738 68.9541 -0.005413383670781778 -0.9996575950247817 0.02560054660554147 -4.19319 0.15543881614694494 -0.02613093317894932 -0.9874998474764609 149.28
0.9931214190565549 0.007243223811597936 0.11686480530899675 69.4402 0.0029855989761148035 -0.9993267781947555 0.03656605778100582 -4.2621 0.11705098551421271 -0.03596562374970209 -0.9924744534235863 153.302
0.9970227158875403 -0.009457402320265637 0.0765262147606013 69.7736 -0.012565819040394617 -0.9991110276354357 0.040239963333828135 -4.3459 0.07607761954791366 -0.04108177209683646 -0.996255230252422 157.417
0.9984659644255619 0.004801598002798413 0.055160334846263384 69.9724 0.0018188118795093217 -0.9985393724242276 0.053998274435177386 -4.39904 0.055339044146780605 -0.053815112888939455 -0.9970163107079398 161.535
0.9992938589655934 -0.00745897308988116 0.03682590330320562 70.1304 -0.009069598262179105 -0.9990006975066429 0.043764697743768476 -4.4499 0.03646266338345705 -0.04406778984343513 -0.9983629120101064 165.681
0.9998525133639643 -0.017059524394641087 0.0019809460346597516 70.1808 -0.017109875218230288 -0.9994319245813023 0.02903584504937045 -4.46974 0.0014844830009729407 -0.02906545638972674 -0.9995764080624737 169.792
0.9994960510606525 -0.004588761034691023 -0.0314099854557111 70.1183 -0.004349405649153312 -0.9999610152116338 0.007684447112015702 -4.51208 -0.03144402303555629 -0.007543959774863236 -0.9994770443017962 173.95
0.9987607880997109 -0.003081163538592952 -0.0496728757542029 69.8627 -0.0014134087454840188 -0.9994352018222872 0.03357498524440403 -4.52877 -0.04974827062483904 -0.03346317064613281 -0.9982010447701131 178.161
0.9983283334828882 -0.017735193387846793 -0.05500910361726588 69.6138 -0.016220214988460026 -0.9994800660559263 0.02786578874837644 -4.56982 -0.055474707669419546 -0.02692694695535834 -0.9980969373445928 182.433
0.9979271545913364 -0.007602525325601452 -0.06390301822224469 69.3654 -0.00685313664509768 -0.9999052549160188 0.011937994364834364 -4.62761 -0.0639877226299121 -0.011475312632115355 -0.9978847070441719 186.673
0.9977925535463282 -0.004899350648659065 -0.06622700695878742 69.0486 -0.003424977750089577 -0.9997441698803334 0.02235764562056246 -4.6897 -0.06631960204124557 -0.022081466289736024 -0.9975540683249134 190.854
0.9976154619689597 -0.002409156038917994 -0.06897525648838937 68.7278 -8.626957766328064e-05 -0.9994333282382335 0.03366028764296725 -4.74518 -0.06901726304352357 -0.03357407294070037 -0.9970503492944343 194.984
0.9970065680918769 -0.01702256544026342 -0.07541972850315005 68.4193 -0.015198739840814957 -0.9995795955358049 0.02469069654195724 -4.78208 -0.07580832071025013 -0.023470501790710495 -0.9968461436233693 198.929
0.9977703973918713 0.002947001650018758 -0.06667495234150536 68.1749 0.004151625533615411 -0.9998305216508595 0.017935773771960536 -4.84592 -0.06661079562575317 -0.01817259355857335 -0.9976135317593978 202.391
0.9993485736893709 -0.0041388281024415325 -0.0358510581009565 67.9907 -0.003088462657429623 -0.9995657735971312 0.029304021082136752 -4.89631 -0.03595677493092757 -0.029174207017622477 -0.9989274127690456 205.722
0.9999955927981492 -0.0023122198492746297 -0.001862263044485024 67.9631 -0.0022706998060187736 -0.9997554532747395 0.021997217319720687 -4.9727 -0.0019126700366713873 -0.02199289173320993 -0.9997562975078187 208.947
0.9999040158466822 -0.011495068914643533 0.00773449961699606 67.9901 -0.011667734533905799 -0.9996750922474998 0.022662169154759076 -5.01824 0.007471483421919524 -0.02275023803392412 -0.9997132606927227 212.153
0.9999142459959793 0.013071299105087497 0.0008011204639045261 67.9755 0.013041493387096403 -0.999467456672074 0.029911912404429163 -5.06538 0.0011916813863900792 -0.029898899530940284 -0.9995522175966156 215.394
0.9994587331307284 -0.027407396758128384 -0.018195476681360675 67.9203 -0.026918946271569034 -0.9992845091556438 0.026567651254719684 -5.10304 -0.018910608143256156 -0.02606346800613001 -0.9994814077986373 218.815
0.9994680583831016 -0.017210156315865553 -0.02770218026611988 67.8575 -0.017035762009694054 -0.9998336282882226 0.006519091712599675 -5.09585 -0.027809765994380346 -0.006043696186250103 -0.9995949632985083 222.274
0.9994085912534252 -0.014351208752039326 -0.031249168568138506 67.7889 -0.014793901744111571 -0.9997928044651723 -0.013981724173074262 -5.11369 -0.031042039237622877 0.014435752388488326 -0.9994138286280356 225.758
0.9993969084206423 -0.003625387548738026 -0.034535141586262655 67.6888 -0.0043940263618923074 -0.9997437406029376 -0.022206883112602306 -5.14067 -0.034445783074169595 0.022345238650935045 -0.999156733619926 229.199
0.9991819435827286 -0.01859576687463997 -0.035911572961713024 67.573 -0.019425917670834694 -0.9995488353133358 -0.02290763074608433 -5.19377 -0.03546938596714563 0.02358650627153243 -0.9990923878105648 232.487
0.9977262607472402 -0.01809980054051385 -0.06492076582822563 67.4512 -0.020560496300503214 -0.9990874376880386 -0.03743738567029172 -5.20952 -0.06418391237067657 0.03868706598260955 -0.9971879142460814 235.363
0.9846209048024508 -0.015949586220024382 -0.17397495373016508 67.067 -0.023289118153721637 -0.9989190917327324 -0.040227666443318884 -5.22753 -0.17314528813001256 0.0436607245847219 -0.9839280717243066 237.894
0.9298962098451637 -0.0010012387003374146 -0.3678206579797612 66.2495 -0.0113856902693772 -0.9995954493963448 -0.026063453401455012 -5.27038 -0.3676457601723286 0.02842419861992514 -0.9295314195658617 240.117
0.8873875670218413 0.001176556205817578 -0.46102269099313464 65.7535 8.949654269000177e-05 -0.9999971643035347 -0.0023797847082609115 -5.29005 -0.46102418362318653 0.0020705314253539066 -0.8873851559577671 240.863
0.7968430687312589 -0.006113089062696808 -0.6041554054687103 64.8773 0.012829680385909752 -0.9995521424834111 0.027035416734686485 -5.30285 -0.6040500998395296 -0.02929410519087927 -0.7964077675945409 241.847
0.759811794233791 -0.014228499911091206 -0.6499873745954666 64.5724 0.01123480113476011 -0.999323856455224 0.03500870124584893 -5.30176 -0.6500460111305121 -0.033902503001088116 -0.7591381980269281 242.142
0.7206415973936697 -0.02801610795365911 -0.692741499984683 64.2485 0.006328946904972356 -0.998875744948996 0.0469807469466191 -5.29945 -0.6932788995324852 -0.038240604698633336 -0.7196540999781138 242.421
0.6798435011818137 -0.040955509167049604 -0.7322127151106574 63.8839 0.004067654559369152 -0.9982134138071662 0.059610692680329376 -5.29362 -0.7333459402541469 -0.04350433040871617 -0.6784623093057199 242.669
0.6375485062532726 -0.04945084066244458 -0.7688215114914505 63.534 0.004788893718729089 -0.9976641879584227 0.06814128383155042 -5.27611 -0.7703953327163735 -0.04712517822819045 -0.6358224979550422 242.89
0.5935441315575081 -0.05582154943463647 -0.8028632003724919 63.1861 0.005226771970292733 -0.9973032426458519 0.07320466558109408 -5.27224 -0.8047844709910935 -0.04764658252997475 -0.5916517205457956 243.092
0.5473749134565338 -0.059698373763819965 -0.8347555380399747 62.7985 0.006325361620493155 -0.997128888190153 0.07545840004293604 -5.25273 -0.8368636053257559 -0.046584165835882776 -0.5454257250758832 243.27
0.4980832154947803 -0.06213321778470677 -0.8649003258700386 62.4332 0.004041514873133138 -0.9972523777385297 0.07396865047017906 -5.24062 -0.8671198167496296 -0.04033805080277773 -0.49646355864002956 243.436
0.44737253215703615 -0.06003387515953019 -0.8923305168516498 62.0705 0.0018395448125465425 -0.9976806361052921 0.06804384186260591 -5.2221 -0.8943458131764721 -0.03208242780511836 -0.4462244774548401 243.588
0.3960042919894534 -0.05645448304402872 -0.9165115886174942 61.6711 -0.0002346543747414262 -0.998114467376043 0.061379597196153865 -5.20458 -0.918248629546081 -0.02409152047649045 -0.3952708602691005 243.702
0.34100974851450083 -0.05240912066461291 -0.938597696294445 61.291 0.0011457634125551057 -0.9984207991993256 0.05616578097367449 -5.17945 -0.940059061253217 -0.020228489744475955 -0.3404111771936672 243.828
0.2893627927011499 -0.05073785325403766 -0.9558738642976714 60.8487 0.0034307567980703182 -0.9985328370352522 0.05404075563981968 -5.1577 -0.9572133534943941 -0.01891675472965562 -0.28876418109335206 243.91
0.10774695416269596 -0.05290641836509481 -0.9927696131351116 59.002 0.008463932980489784 -0.9984980082749032 0.05413029936692599 -5.08154 -0.9941423216557896 -0.014235110355343535 -0.10713732274985922 244.098
-0.02496651835725722 -0.045416168524848116 -0.9986561192911398 56.4407 0.018852675143308347 -0.9988112449068306 0.04495190415998028 -4.9843 -0.9995105049978503 -0.017705046856469026 0.02579305555285399 244.031
-0.061947246943127414 -0.04171774036023017 -0.9972071844583771 53.5471 0.025382339177472592 -0.9988687871302973 0.04021048314468128 -4.88753 -0.9977566213531469 -0.022820522257068966 0.0629360652556838 243.815
-0.060664719838138856 -0.038244007960841916 -0.9974252792174715 50.1782 0.02176030415621037 -0.9990789151210185 0.036983922502053804 -4.78832 -0.9979209793014622 -0.019460658151762702 0.06144104372738875 243.588
-0.05336992179937318 -0.03722051875859383 -0.9978808969162954 46.2903 0.016610437939651862 -0.9991999257531469 0.03638133761090858 -4.67642 -0.9984366503682555 -0.014633569566141473 0.05394547101630619 243.351
-0.046954094083274736 -0.04899281180156677 -0.9976948518663386 41.95 0.008847631455359568 -0.9987776940112901 0.048629593491205846 -4.55527 -0.9988578639958986 -0.0065438778462054425 0.047330172155664305 243.125
-0.05402850089575722 -0.04619189629173942 -0.9974704155051066 37.5613 0.0035666602590145 -0.9989320129577125 0.046066391467634346 -4.43594 -0.9985330240034898 -0.0010687400178513613 0.054135549957678615 242.887
-0.06774092817535245 -0.0525401510241645 -0.9963185731382808 33.1588 0.0003231242657623784 -0.9986135437108381 0.05263920504710476 -4.29374 -0.9977028927695112 0.003243893900892844 0.06766398533717281 242.603
-0.07400463704603001 -0.042981574135412315 -0.9963312190132995 28.8544 0.012511607375570576 -0.9990321590773351 0.04216876581259786 -4.17032 -0.9971794088209828 -0.009345020819677679 0.07447078090979618 242.249
-0.06575589278666862 -0.044778697940263984 -0.9968304924984001 24.599 0.009665053302745742 -0.9989742915741372 0.04423744475674282 -4.07296 -0.9977889302394988 -0.006725547169218766 0.06612123491580744 241.93
-0.05525299253572684 -0.04443082180294089 -0.9974833376501896 20.4282 -0.001648586199192753 -0.9990040165505059 0.044589876423915015 -3.9784 -0.9984710256083501 0.004108161373594387 0.05512471342998311 241.697
-0.06303041684698019 -0.048828967988637687 -0.9968163815052704 16.3651 -0.0015029677306938986 -0.9987966170179998 0.04902100489993439 -3.86467 -0.9980104747146177 0.004587997227930206 0.06288117875278809 241.442
-0.08605425651618424 -0.04628659125118466 -0.99521465845605 12.3807 0.006595753625016684 -0.9989247778860345 0.04588882390576583 -3.76402 -0.9962686188822594 -0.002615262067568451 0.08626702402861187 241.1
-0.09997979874181644 -0.0490952072465662 -0.9937774904217554 8.48095 0.02699970470613075 -0.9985479954334305 0.04661455525540244 -3.65666 -0.9946230722184798 -0.02217118493211266 0.10116018371562226 240.657
-0.10008688118552701 -0.05065463600688812 -0.9936884441642484 4.84032 0.04167375190910935 -0.9980402649821477 0.0466789875231152 -3.55721 -0.9941055852455376 -0.036738771418963014 0.10200170615363734 240.235
-0.08682294307180019 -0.050285151700333916 -0.9949538582642036 1.57678 0.04635545467988292 -0.9978474263862689 0.04638626386895924 -3.4749 -0.9951446871574866 -0.042094146538132794 0.08896704136619324 239.905
-0.08409420256101843 -0.04952707046761977 -0.9952262227184943 0.96977 0.044584559148806546 -0.9979508163923804 0.04589537174147637 -3.45816 -0.9954598847674039 -0.04051218770539507 0.08613002070236528 239.845
-0.0704600613662489 -0.04998642608716708 -0.9962613798392954 -1.30857 0.043799937582625695 -0.9979354345933564 0.04697269260673823 -3.40221 -0.996552530085606 -0.04032648744933296 0.07250399430359859 239.675
-0.04860827896648914 -0.05169171863159301 -0.997479424068902 -3.7598 0.03955942565616116 -0.9979759716479953 0.04978967618888893 -3.34217 -0.9980342113663594 -0.037039522650163505 0.05055478913196452 239.537
-0.04355689319649521 -0.053168614695781276 -0.9976351514789364 -4.20491 0.03901991102472565 -0.9979114611988199 0.05147972563698079 -3.32915 -0.9982886574526887 -0.036685337934491954 0.04554055754973278 239.515
-0.03319471357153138 -0.054506795385378295 -0.997961482346749 -5.05017 0.03842530650989176 -0.9978431201246203 0.053222208142689846 -3.30913 -0.9987099713182627 -0.036580279889298746 0.03521755688141502 239.489
-0.021521330195763386 -0.05380556217317658 -0.9983194848473275 -5.80462 0.036092772266378546 -0.9979416597654213 0.0530071268299235 -3.28941 -0.9991166819429712 -0.03489133393644745 0.02341902387810071 239.477
-0.009648511955744147 -0.05126984944150244 -0.9986382271650158 -6.50854 0.032671557748528396 -0.9981676719929905 0.05093002947553088 -3.27512 -0.9994195693157728 -0.032135667510408764 0.01130589856384809 239.482
0.004736497922283101 -0.050557236819024076 -0.9987099335606195 -7.39845 0.030406832278418592 -0.9982520413196104 0.05067826508497184 -3.25612 -0.9995263829125394 -0.030607642941848222 -0.0031909332992087645 239.488
0.020354253056002813 -0.03977489591122858 -0.9990013323503544 -8.36097 0.024901988024398292 -0.9988781833620417 0.040277360834346826 -3.24559 -0.9994826638691463 -0.025696934809396693 -0.019340945334618265 239.519
0.024449151862991216 -0.035257287574798624 -0.9990791573474284 -8.75354 0.024168079413525462 -0.9990649673701187 0.035848220474725113 -3.2399 -0.9994088967537967 -0.02502228300157531 -0.023574190182213205 239.534
0.024903230407845207 -0.034403247606925695 -0.9990977157762647 -8.83555 0.02437384470441917 -0.9990896757230493 0.03501050639360628 -3.24028 -0.9993926879908509 -0.02522372727628592 -0.02404202097813151 239.535
0.02487966690831529 -0.030853589706273565 -0.9992142203635657 -8.82572 0.024324495790635 -0.999209009445108 0.03145909007357568 -3.24768 -0.9993944772106071 -0.025088073779445438 -0.024109489313845645 239.535
0.025022453833541958 -0.029266666197794805 -0.9992583945375767 -8.86347 0.024119759749871315 -0.9992627151639216 0.02987077623424401 -3.24568 -0.9993958745130765 -0.024849312523581902 -0.024298100200398465 239.539
0.02644049299162692 -0.022764371355162384 -0.9993911565183896 -9.03203 0.023390172344309797 -0.9994528804489134 0.02338460177282789 -3.24307 -0.9993767058362245 -0.023994231789630657 -0.02589356431166363 239.551
0.04652268221525546 -0.014587272821526014 -0.9988107185603929 -9.61786 0.022342280905877546 -0.9996280392982261 0.015639869970912733 -3.239 -0.9986673432747368 -0.02304331834642239 -0.04617946465870104 239.589
0.11817679592568212 -0.01663832661783015 -0.9928531668842568 -10.6435 0.022969529465946513 -0.999546274647737 0.019484495219105957 -3.23282 -0.992726873626806 -0.02510798528732946 -0.11774100158380915 239.729
0.14082957809598654 -0.019998501290740323 -0.9898318492953387 -10.8934 0.02264750091130107 -0.999469263637693 0.02341541684446769 -3.23072 -0.9897747827843356 -0.025714800984099055 -0.14030191864179595 239.779
0.16489091102170536 -0.02033377150972004 -0.9861021880102602 -11.1438 0.023370473913598314 -0.9994262187429759 0.02451640752987948 -3.23141 -0.9860348920862211 -0.02708820823361723 -0.16432108983087448 239.834
0.22157233269156504 -0.019272946603357814 -0.9749534629482796 -11.6618 0.017175248766456208 -0.9995724466243081 0.02366294105357058 -3.23342 -0.9749926729034576 -0.02198812130943728 -0.22114658104038767 240.003
0.2547663235224994 -0.019553616771607822 -0.9668049319640327 -11.9375 0.012882621984850524 -0.999638180476787 0.02361241588346613 -3.23149 -0.9669168311957469 -0.018470630855696703 -0.2544222422394864 240.105
0.29135734831252375 -0.020719256868548336 -0.9563898828297537 -12.2158 0.00668193127331417 -0.9996969493127811 0.023693065001764196 -3.23527 -0.9565909509182875 -0.013293680059871683 -0.2911306076174615 240.235
0.4668697885542084 -0.03181025674030632 -0.8837537598796764 -13.3586 0.004490746907703147 -0.9992546600675759 0.03834002511011681 -3.21399 -0.8843146689541906 -0.021868513880673963 -0.4663789600454668 240.878
0.7037450119970463 -0.02201442143969406 -0.7101114865554231 -14.641 -0.004138845644586643 -0.9996298802802079 0.02688814623040975 -3.205 -0.7104405872738463 -0.015983356958197185 -0.7035756563826947 242.181
0.8894133348381931 -0.015235183419733402 -0.4568498757777778 -15.6468 -0.008340726171750435 -0.9998189221734674 0.01710424364927511 -3.18936 -0.45702773668447283 -0.011402282668526116 -0.8893793542977119 244.08
0.9757317918700644 -0.005661507252645435 -0.21889590601393524 -16.2649 -0.0038398332577709205 -0.99995437502876 0.008746630287963837 -3.18735 -0.21893543800533036 -0.007693841463797725 -0.9757090133789602 246.556
0.9964391734841873 -0.008828117680944237 -0.08385128433340158 -16.5682 -0.008865995967257555 -0.9999606931356853 -7.93669227700567e-05 -3.20502 -0.0838472877418115 0.0008225094596762837 -0.9964782766405551 249.533
0.9990734940066709 -0.005828758266777641 -0.0426401119882455 -16.736 -0.005976966487835629 -0.9999765293203678 -0.0033491312298237026 -3.21848 -0.042619589919495195 0.003600886760058127 -0.9990848833655902 252.895
0.9992728596956191 -0.012979894084707776 -0.03585072140542699 -16.8836 -0.01322160549378549 -0.999891376980206 -0.0065133239436375575 -3.22769 -0.03576228493687832 0.006982591938372816 -0.9993359306989398 256.664
0.9991248374782479 0.0009819788325826889 -0.041816203218815476 -17.0723 0.0009264150031450986 -0.9999986621623299 -0.0013481204667164202 -3.25118 -0.04181747110128567 0.0013082014841726678 -0.9991244105313263 260.796
0.9990436134840072 -0.011461869765862172 -0.04219578057446316 -17.2658 -0.011944017108623969 -0.9998660295959444 -0.011192109513004193 -3.26287 -0.04206184508704683 0.01168539265547357 -0.9990466719760197 265.262
0.998946055532695 -0.006712604585581142 -0.04540615680001265 -17.4947 -0.007153252725810958 -0.9999288205352705 -0.009549075263234626 -3.30322 -0.04533882564767617 0.009863812783091352 -0.9989229680442178 270.003
0.998897262801317 -0.008270402096000802 -0.04621535261367808 -17.7345 -0.008798848971239176 -0.9998980853973652 -0.01124273434109125 -3.31679 -0.046117660660721496 0.011636978467518738 -0.99886823060268 275.039
0.9985067016676327 -0.012767774358574548 -0.05311638789257005 -18.0045 -0.013821424063853918 -0.9997139904833704 -0.019516799652176977 -3.34108 -0.05285201000598326 0.020221799369606597 -0.9983975880722985 280.257
0.9981169676110068 -0.0063636872940072845 -0.06100838017054015 -18.327 -0.007325318358339214 -0.9998522328904441 -0.015551594610918543 -3.41539 -0.060900399653516596 0.015969216261841484 -0.9980160947870654 285.531
0.9978386689969267 -0.01366219320033121 -0.06427546290302652 -18.6925 -0.014396299846606023 -0.9998361675637986 -0.010971990797587313 -3.45295 -0.06411503103928226 0.011873605530442425 -0.9978718756867233 290.772
0.9978524808681098 -0.00960558018887789 -0.0647932037685543 -19.0586 -0.010221415701960368 -0.9999056221261876 -0.009179842127688445 -3.51773 -0.06469891101406638 0.009822406511471723 -0.9978564883007562 295.946
0.9978808544822187 -0.02152636142214769 -0.061403713419955736 -19.4222 -0.021548401772544117 -0.9997677602233476 0.0003033134354434189 -3.5509 -0.061395982269901006 0.001020481216963149 -0.9981129655400734 301.098
0.9981335529983629 -0.0071233375672208965 -0.06065202750747887 -19.7797 -0.006218615586315818 -0.9998667665172024 0.01509231707273749 -3.58436 -0.06075145429579595 -0.014686976419189656 -0.9980448654868218 306.141
0.9980515993814254 -0.012408988455023306 -0.06114754269553377 -20.1288 -0.01151631867788486 -0.9998222264272476 0.014929499193578005 -3.62773 -0.061321932261536136 -0.01419621596006289 -0.9980170780483302 311.266
0.9982821165204104 -0.013722063118961746 -0.056960695389794494 -20.4619 -0.012877538849170627 -0.9998020440549448 0.015167125526698667 -3.64496 -0.057157543935318175 -0.014407556604565639 -0.9982612070415081 316.514
0.9983659258895544 -0.012529822991151802 -0.05575375824555304 -20.7853 -0.011743884725500833 -0.9998273170470046 0.014401987992735772 -3.69114 -0.055924584882208264 -0.013723688367168673 -0.9983406739101407 321.821
0.9982763484976892 -0.018324130377192657 -0.05575444624458591 -21.1029 -0.017874884276647646 -0.999803710716246 0.008545674351508825 -3.70117 -0.05590009429524453 -0.00753434031254404 -0.9984079392582162 327.203
0.99813452723849 -0.021998822816648028 -0.056951886088855624 -21.4046 -0.022152115201025495 -0.9997524861229699 -0.0020616214641668686 -3.71832 -0.05689243646142039 0.0033193803070369317 -0.9983747955491769 332.515
0.9981489445237809 -0.015889513446991212 -0.05870441132044897 -21.7045 -0.016783406020510854 -0.9997501184142906 -0.014765433043532021 -3.73281 -0.05845512662216422 0.01572336137822421 -0.9981662056383981 337.72
0.9976027927541959 -0.02425984707921434 -0.06480839227076922 -22.0087 -0.02587733198875562 -0.9993712894378637 -0.024236120490813515 -3.74693 -0.06417968197313297 0.025855089769610956 -0.9976033694584401 342.747
0.9973738562475378 -0.021361117424064328 -0.06920327691887893 -22.3531 -0.022976684265034696 -0.9994797540290052 -0.022633896401283875 -3.76034 -0.06868378887409032 0.024164518379526614 -0.9973457841678506 347.529
0.9974436245204981 -0.018776119301294632 -0.06894688714797524 -22.6924 -0.020093982228191785 -0.9996274651367094 -0.018470593454745853 -3.77226 -0.06857439596252522 0.01980879320758685 -0.9974493290037516 352.031
0.9979220196630225 -0.024169232865316918 -0.05972847607612189 -22.9554 -0.025728539689351123 -0.9993442718533347 -0.02547682396574701 -3.79463 -0.05907355514210452 0.026960610093806518 -0.9978894931735891 356.097
0.9984528982274727 -0.019375145024902864 -0.05211922655243541 -23.1513 -0.020646366080157397 -0.999499606965577 -0.02396379025407289 -3.80998 -0.051628844542990035 0.02500278846291058 -0.9983533056890406 359.59
0.998347317696575 -0.024882104143460145 -0.05180264608538577 -23.3043 -0.026168787914979206 -0.9993619104442725 -0.024309802389875016 -3.82801 -0.05116471232318783 0.025625238468508702 -0.998361417206373 362.519
0.9951756874615229 -0.013546290362805012 -0.09716917774115265 -23.5261 -0.01559231091288365 -0.9996717744457159 -0.02032789258505846 -3.84101 -0.09686191679850813 0.021744916508468853 -0.9950602633409488 364.93
0.9741621027143795 -0.019574030489716298 -0.22500012214549162 -23.9928 -0.022980370246883344 -0.9996573904786775 -0.012530133466042953 -3.86562 -0.2246777697468413 0.017376967277069597 -0.9742781639705557 367.082
0.8990975548914298 -0.030812996053352297 -0.43666250819422103 -24.888 -0.03321268553517661 -0.9994460153926564 0.002140054972069424 -3.86272 -0.4364865453914857 0.012578616376935277 -0.8996228510338363 368.958
0.744144304660654 -0.04850769832909855 -0.6662553992606179 -26.3216 -0.04036230751975294 -0.9988027844249991 0.027638414508611597 -3.81567 -0.6667984237929729 0.006324636565219121 -0.7452112861461004 370.587
0.6546164755419259 -0.05391262596480301 -0.7540362714821127 -27.0423 -0.05070635730103243 -0.9983387892281008 0.027359226082437647 -3.79914 -0.7542586660279929 0.02032463244807023 -0.6562627324765011 371.167
0.6048014510647234 -0.05501638763371262 -0.7944736634286512 -27.4325 -0.05466830568508974 -0.9981257452648501 0.02750223614561565 -3.77823 -0.7944976910875993 0.026799136762677582 -0.606675551778089 371.402
0.5511791937302973 -0.05235823158007793 -0.8327425244243425 -27.8686 -0.05835923056602397 -0.9980041751789942 0.024121909813229217 -3.75657 -0.8323434967647441 0.03530271818292242 -0.5531347227234394 371.658
0.4951255017834033 -0.04904284868836939 -0.8674361858236389 -28.3083 -0.061750695723697596 -0.9978670599113268 0.02117031699252033 -3.7467 -0.866624249061479 0.043082824146684996 -0.4970978587785039 371.864
0.4350808961881353 -0.04302388767711751 -0.8993628627318763 -28.7567 -0.05831443382317475 -0.9981070724989755 0.01953710918757415 -3.73104 -0.8985009964268328 0.04394561316754378 -0.43676623324533337 372.028
0.3711272520392643 -0.03708885841309551 -0.9278410313062245 -29.2614 -0.054644052630649635 -0.998342739934951 0.01804996208511063 -3.71675 -0.926972809906463 0.04400216131951354 -0.3725388831965441 372.189
0.1769100337205568 -0.028225817424203825 -0.9838222111742175 -30.8051 -0.06507932126937756 -0.9977365937125565 0.01692251488348734 -3.69067 -0.982073073611179 0.061032719074281955 -0.17834653147816248 372.464
-0.05543112143283144 -0.045251772772861035 -0.9974365482764368 -33.6638 -0.02146630382055228 -0.9986875434638691 0.04650148739972795 -3.62487 -0.9982317309006877 0.023988905581886544 0.05438698219244101 372.308
-0.1102408181817797 -0.026262261683155715 -0.9935578773367443 -36.754 -0.007327563282349807 -0.999602199964485 0.02723506274096925 -3.53886 -0.9938778943225143 0.010282773820658696 0.11000452599597084 371.932
-0.1047626597027724 -0.03158448109393186 -0.9939955762909752 -40.1173 -0.011781540017837414 -0.9993859921688695 0.03299748432005077 -3.48835 -0.9944274636426776 0.015167702880494533 0.10432622078135403 371.576
-0.08630381142135245 -0.03197659932208601 -0.9957555670092649 -43.8281 0.004483472152019609 -0.9994871241476037 0.03170784036504152 -3.41976 -0.9962587769307781 -0.0017279348794616445 0.08640291447308147 371.192
-0.06885068069020149 -0.03469636888998828 -0.9970234429311811 -47.9193 0.007877536674939196 -0.999382781891515 0.03423448078636111 -3.327 -0.9975958741817406 -0.005497021432247938 0.0690815067217161 370.876
-0.06268176486078342 -0.04392476332952108 -0.997066503058037 -49.6695 0.005669854117557872 -0.9990305836666583 0.04365484684363724 -3.27926 -0.9980174593203381 -0.002916858772956256 0.06287004713435135 370.76
-0.05870155470441016 -0.050805939046269843 -0.99698188751497 -51.4771 0.0027363210390528477 -0.9987085130513953 0.050732814881913016 -3.22381 -0.9982718267197851 0.0002500325937374974 0.0587647637725677 370.655
-0.05598647800794508 -0.049787636801589305 -0.9971894030233066 -52.3562 0.00347869976508592 -0.9987595896067336 0.049670723938080766 -3.19624 -0.9984254668868429 -0.0006880336486452775 0.05609022803918752 370.607
-0.052665766469032094 -0.04368214481103937 -0.9976563472794311 -56.9415 0.004052244393352677 -0.9990439463880622 0.04352898460501296 -3.06797 -0.9986039737341355 -0.00175026000191408 0.0527924258991741 370.357
-0.05846448132801634 -0.04751628388060969 -0.9971580151556841 -61.522 0.009306359284531392 -0.9988491246490773 0.047051225963195636 -2.95443 -0.9982461099848642 -0.006529085230703464 0.05883939960721014 370.075
-0.07174039035428695 -0.05028910519558391 -0.9961547682415832 -66.0765 0.011764742207529953 -0.9987013399221163 0.04957039921727583 -2.83291 -0.9973539528334989 -0.008163304257298762 0.07223886233183549 369.751
