1.0 0.0 0.0 0.0 0.0 -1.0 0.0 0.0 0.0 0.0 -1.0 0.0
0.9999219303695898 -0.0003654154671319516 -0.012489981484753127 -0.0157451 -0.00036673059402969035 -0.999999927449381 -0.00010300438703544425 -0.0193927 -0.012489942939201037 0.00010757680385034111 -0.9999219918336663 0.166215
0.9992266920543554 0.002761404419740388 -0.03922234735123644 -0.0501836 0.002832592849162556 -0.9999944402017181 0.0017595406796709115 -0.0278745 -0.03921727047948747 -0.0018692809535171195 -0.9992289584899227 0.466209
0.9916471881743084 0.004630587507701084 -0.12889690394001443 -0.200369 0.004595202846856377 -0.9999892784554011 -0.0005719134922682367 -0.0461194 -0.12889817026158298 -2.5171013449381305e-05 -0.9916578346736521 1.19256
0.9641086652708177 0.007927989642803382 -0.26538957878926933 -0.558983 0.012002507597997364 -0.9998336348352874 0.013734717449481303 -0.0797335 -0.26523653851059475 -0.016427100543938755 -0.9640434269298437 2.09708
0.9011713300564292 0.0038082415192033066 -0.43344634175507496 -1.13887 0.015718716580662425 -0.9995908160426854 0.0238981679669148 -0.0906808 -0.4331779724701876 -0.028349564011629535 -0.9008624458744894 3.06196
0.7768041723983796 -0.004912535689995933 -0.6297230698787867 -2.00297 0.014993894382387478 -0.9995418133198732 0.02629346984461513 -0.112616 -0.6295637067650252 -0.029866878282043343 -0.7763745930322341 3.95033
0.5680744757051691 -0.013343903600816418 -0.822868963012331 -3.23079 0.0048673985023198274 -0.9997965771330751 0.019573267095871826 -0.115625 -0.8229627564380521 -0.015124304601496318 -0.5678939662702925 4.71129
0.3007127645102406 -0.027913997784086785 -0.9533061638258293 -4.90308 0.0005634743299310335 -0.9995662050693319 0.029446293144881168 -0.0985414 -0.9537145882061826 -0.009392039768057041 -0.30056658801621167 5.15647
0.0674294570902512 -0.03193862518959078 -0.9972127117809484 -6.98849 0.005266308787976065 -0.9994621845391609 0.03236676795662299 -0.0640461 -0.9977101454371724 -0.007434103658614679 -0.06722499382320032 5.26727
-0.06329955936368253 -0.022555852392238812 -0.9977396450513643 -9.45548 0.008651863062974717 -0.9997193943355536 0.02205170866152887 -0.0249899 -0.9979570687408865 -0.007236443339994327 0.06347694729493442 5.10127
-0.09892894881238412 -0.028095226125637147 -0.9946978040368973 -12.3081 0.010136129973301036 -0.9995779410436547 0.027224963693125215 0.00606256 -0.9950428744310674 -0.007389049186258913 0.09917197182713477 4.79442
-0.0919798784594529 -0.030136594696345553 -0.9953047209868405 -15.5559 0.013346793199667533 -0.9994894343976858 0.029029874933925753 0.0530736 -0.9956714142074531 -0.01061396191354855 0.09233514359456073 4.47207
-0.08345362462957864 -0.03535611321115453 -0.9958842491950485 -19.1957 0.019310809063570945 -0.9992401081484533 0.03385703650317953 0.120976 -0.9963245380846021 -0.016405838170217006 0.08407296405169115 4.13552
-0.07789989430514956 -0.0355390058135085 -0.9963275493195166 -23.1184 0.012780491990064008 -0.99931791025981 0.034646403254280235 0.200437 -0.9968792632469282 -0.010034605111996163 0.07830096556561648 3.8085
-0.0782637731889438 -0.03923060335656526 -0.9961604999027561 -27.2281 0.010695140593734614 -0.9992009748444455 0.03851007449473126 0.253623 -0.9968753160620988 -0.007640132864639958 0.0786208152838727 3.46972
-0.07966733730474328 -0.04093870608005011 -0.9959804906278356 -31.4063 0.01548569717359372 -0.9990865567805627 0.03982769442746385 0.330154 -0.9967012132779915 -0.01225048590264695 0.08022853012070598 3.09931
-0.07804158670496582 -0.03322626931816714 -0.9963962694489417 -35.5503 0.019597373437215 -0.999302482125282 0.031788239533087265 0.395717 -0.9967574698485755 -0.01704594513211916 0.0786382989110214 2.7436
-0.07634342979619656 -0.0492121805098109 -0.9958663775911017 -39.7205 0.016456840334812158 -0.9987073792935693 0.04809098616960406 0.476157 -0.9969457623828627 -0.012717383144355492 0.07705462369522 2.40101
-0.07688605221287556 -0.034594951792342454 -0.9964395236468718 -43.8437 0.022335543543074862 -0.9992068158446767 0.03296760021866875 0.552236 -0.9967896761452512 -0.019721269736709703 0.07759776446662339 2.04466
-0.08436253518218938 -0.04206227853233742 -0.9955469488589186 -47.9403 0.010797607129906187 -0.9990885724570725 0.04129692562355572 0.597963 -0.9963766227375581 -0.007265611492321928 0.08473981680261401 1.70667
-0.09083645354247273 -0.034893535965439496 -0.9952543292323097 -51.9214 0.02430455040805628 -0.9991659694393896 0.032812411427794785 0.654101 -0.9955691977644188 -0.021208645927385535 0.09160876486798818 1.29897
-0.09399197955662084 -0.04108634935261681 -0.9947247959490617 -55.8305 0.025512453028347475 -0.9989193541964487 0.03884891957604812 0.698759 -0.9952460110543042 -0.021726382778194244 0.09493862107631038 0.902182
-0.09502629556046219 -0.042269378636921415 -0.9945769466369632 -59.5998 0.02444368279327347 -0.9988959377203714 0.0401174772043549 0.772788 -0.9951746125799019 -0.02049890815113526 0.09595459989523067 0.52928
-0.08164072137683334 -0.03897532946177354 -0.9958994509017548 -63.0312 0.027597722103793076 -0.9989403247140405 0.03683196159437213 0.817453 -0.9962796587041974 -0.02447756837501838 0.0826298390334522 0.185976
-0.01966463862078547 -0.0451435169019255 -0.9987869466856479 -66.1218 0.03436720491483383 -0.9984202850589625 0.04445030493845741 0.855799 -0.9992157911153404 -0.033451416479808406 0.02118503059329082 0.0287772
0.1284369494535764 -0.04174772044144245 -0.9908385730546638 -68.7065 0.025469728008258953 -0.9986451408223791 0.04537814085036651 0.893015 -0.9913905602587936 -0.031064618938489507 -0.12719963238925516 0.270612
0.36065451262194764 -0.03231380621141304 -0.9321395498816454 -70.8304 0.0009584546431089282 -0.9993862979613118 0.03501583658690193 0.899793 -0.9326989888973412 -0.013522032957908409 -0.36040220689468977 1.06089
0.5987435169318187 -0.030250191161214916 -0.8003693690208455 -72.5765 -0.02773305253010513 -0.9994703117336996 0.017028615924478848 0.915488 -0.8004605416442956 0.012000912367438572 -0.5992652996568963 2.39112
0.7991624881178673 0.0042080036288838635 -0.6011003329650709 -73.9393 0.0019843457837779932 -0.9999885165751826 -0.004362234470584977 0.915479 -0.6011117865730718 0.0022933432419194313 -0.799161661129777 4.09161
0.929174106998734 0.009279081032133154 -0.3695258820952927 -74.9883 0.012449486859598515 -0.9999033056802504 0.006195931458637708 0.870934 -0.3694326584914194 -0.010357506693531951 -0.9291997809379076 6.45571
0.9712629133203018 0.0006402791997786651 -0.2380082839968108 -75.7742 0.003655236472387248 -0.9999185746976159 0.012226333097856548 0.811463 -0.23798107583354422 -0.012744960464244025 -0.9711861683157735 9.34809
0.9859276276838538 -0.0026444685961989796 -0.16715178657594862 -76.4332 0.0006817749155447667 -0.9998029547490508 0.019839023615888664 0.764182 -0.16717131378514763 -0.01967380138435304 -0.9857315523946855 12.6563
0.9936918785479464 0.01103929633869057 -0.11160010951697193 -76.9133 0.013545595242004344 -0.9996722251347138 0.02172462068138392 0.69262 -0.11132370528056164 -0.023099269048106212 -0.9935157051662796 16.3112
0.9960862462175992 -0.005123851919612187 -0.08823795236539796 -77.3177 -0.0028201278380175325 -0.9996524026742706 0.026212987363812418 0.61233 -0.08834159255475073 -0.025861553879533948 -0.9957544592196546 20.1548
0.9971016514781155 -0.0007687662629982068 -0.07607697166717238 -77.6474 0.0009581802177244838 -0.9997427499814238 0.022660885910544406 0.549937 -0.07607482178937545 -0.022668102214636856 -0.9968444104431251 23.9563
0.9978076643188936 0.0007690651014545704 -0.06617608000889648 -77.9681 0.0028288916938125006 -0.9995141901575268 0.03103838020141501 0.450808 -0.06612006048287329 -0.031157538616081937 -0.99732509513655 27.7468
0.9982310788827564 0.0009404858130635933 -0.05944601449216879 -78.2269 0.0023344953380694524 -0.999723809901284 0.02338491068996601 0.360588 -0.05940760291481426 -0.023482321071320457 -0.9979575729022847 31.5445
0.9980887711104225 0.000566066764953558 -0.061793887656499444 -78.4853 0.002011219812089551 -0.9997258660975425 0.02332697259366481 0.281511 -0.06176374323301591 -0.023406670500858203 -0.9978162996252917 35.3918
0.9971867124168161 0.009949980509544942 -0.07429440401000549 -78.8315 0.0121895934023757 -0.999482959463599 0.029752773897074886 0.18989 -0.07395995127112377 -0.03057468936465876 -0.9967924126809091 39.4045
0.9965604073173243 -0.0014807234053527529 -0.08285627330338435 -79.1943 0.0005720154923603963 -0.9996936202299983 0.02474547372179644 0.0864147 -0.08286752901954289 -0.024707754443422394 -0.9962542343722102 43.5672
0.9971841262443821 8.075953854494748e-05 -0.07499207854250046 -79.5665 0.001680562818041354 -0.9997723532518743 0.02127010535525772 0.00640147 -0.0749732890757918 -0.021336240322654795 -0.996957256242238 47.873
0.9975802346050712 -0.0017180207985155085 -0.0695034094834708 -79.9054 -0.0006790527431655305 -0.9998877229708368 0.014969313263047254 -0.0781028 -0.06952132343866267 -0.014885894555958375 -0.9974693958867139 52.2521
0.9977725400183917 0.010690144394669362 -0.065845874571363 -80.2442 0.012551957463837287 -0.9995311605709696 0.027926822437868665 -0.216341 -0.06551646166477985 -0.02869111117526375 -0.9974389271481516 56.4963
0.9972189646686596 -0.00017687578997958988 -0.07452721127294122 -80.5594 0.0009150020145071776 -0.9998927571095071 0.014616328241449974 -0.323237 -0.07452180403398824 -0.014643872264646375 -0.9971118581827298 60.6998
0.9957420294885964 0.012608211199931583 -0.09131726956205619 -80.9721 0.014909304916962966 -0.9995871572408119 0.02456069433312931 -0.443245 -0.09096990346715961 -0.025817592637004443 -0.99551892426694 64.7704
0.993482814856747 -0.005829895524737481 -0.11383281118590134 -81.4389 -0.0022745971618126667 -0.9995062695040285 0.03133757217609322 -0.550525 -0.11395930322736224 -0.03087441562703696 -0.993005562757643 68.7649
0.9895267215051508 -0.0021882092136808525 -0.1443332226748399 -82.0058 0.0028852611211314183 -0.9993855121411593 0.03493241174919594 -0.618281 -0.14432097108712455 -0.034982993908321186 -0.9889123557938183 72.614
0.9848194099080146 -0.009260052102624032 -0.17333488195826685 -82.6751 -0.003627855305918792 -0.9994559476779424 0.03278181381596757 -0.684882 -0.1735441400171983 -0.03165533266674248 -0.9843172107504007 76.402
0.9745360963170425 -0.016617982585992626 -0.22361404166534776 -83.5009 -0.010398817451702857 -0.9995264499057482 0.02896101749624734 -0.740331 -0.22398942289926638 -0.02589823533724702 -0.974247412024107 80.0615
0.9592692616266281 -0.006901165087577172 -0.2824090253847029 -84.5273 0.00162025958821938 -0.9995507022768708 0.029929389179885916 -0.778166 -0.28248868730830723 -0.029167918990704412 -0.9588270824526084 83.6108
0.9408757528394788 -0.007754638464940787 -0.3386630822824093 -85.759 -0.00038927930423373 -0.999762039328065 0.02181085005706565 -0.816974 -0.3387516290445954 -0.02038946543847009 -0.9406548801333919 87.1274
0.9260627640732513 -0.007924413161951624 -0.3772863112717557 -87.1744 0.0013778304539384793 -0.9997018291597399 0.024379383870606133 -0.873827 -0.37736700780572974 -0.023096676183140694 -0.92577572066297 90.6369
0.9137864851688244 -0.006161330072579556 -0.40614812265298306 -88.7352 0.008269487886626136 -0.999395540871798 0.03376638055313404 -0.908202 -0.40611066852878763 -0.034213899182976085 -0.913183187542236 94.1255
0.9032880246689275 -0.0068866073932143 -0.4289793924284925 -90.399 0.009381787340001405 -0.9993150295573751 0.035797398886646035 -0.948816 -0.4289320768560143 -0.036359955161611286 -0.902604690384795 97.5723
0.8924754343310342 -0.006490933750470031 -0.45104929541534494 -92.1587 0.012924558696443829 -0.9991180309550982 0.03995142053682101 -1.01572 -0.4509108059230054 -0.04148527448932638 -0.8916044061703661 101.004
0.8814307246703014 -0.00663442692572531 -0.47226672758786925 -93.9636 0.01223090492434364 -0.9992454034208053 0.03686500653904465 -1.08282 -0.4721549349227636 -0.038270198872743647 -0.8806844550157119 104.345
0.8708338280545049 -0.007876876851749858 -0.49151439320430823 -95.7965 0.01076067396614041 -0.9993265735435748 0.035080012905537146 -1.15988 -0.49145971534982535 -0.035837888061667246 -0.8701626250118697 107.563
0.8626071817460149 -0.016140186183938778 -0.5056167959929189 -97.5573 -0.0010575605656001456 -0.9995462412983048 0.030103040910859958 -1.2012 -0.5058732366570179 -0.0254323788973547 -0.8622328354555827 110.571
0.856017955370011 -0.018020821169357038 -0.5166318903131397 -99.1332 -0.005652651228028868 -0.9996587523105208 0.025503459825422858 -1.23395 -0.5169151841629729 -0.018911079645402246 -0.8558277066375014 113.167
0.8485135957212828 -0.008096186993619945 -0.5291116419360884 -100.438 0.0012512916218070762 -0.9998494602538692 0.017305811143174164 -1.27558 -0.5291721006869281 -0.015346289004523369 -0.8483757300090409 115.251
0.8317515352488456 -0.02304378506073523 -0.5546696021788673 -101.557 -0.008447910073894813 -0.9995478144188352 0.028858265816101653 -1.29996 -0.5550837922571434 -0.019317107977231754 -0.8315701010214498 116.89
0.7969186403231631 -0.03198243839048304 -0.6032394253860406 -102.466 -0.0213347471265841 -0.9994646308925496 0.024804841460181838 -1.31424 -0.6037097889470785 -0.00689747993248266 -0.797174331937535 118.092
0.7285774582425557 -0.01562547418041535 -0.6847851720776772 -103.294 -0.0025011985135411597 -0.999793794938769 0.020152210993601902 -1.3253 -0.6849588537618976 -0.01296966300919045 -0.7284663042959607 118.868
0.6379782028748188 -0.01947847159049091 -0.7698080291872219 -104.146 0.0006470468587041079 -0.9996661193879842 0.02583081644336927 -1.31523 -0.7700541500355537 -0.016977599720420844 -0.6377525908381353 119.475
0.5153571724735994 -0.034913208549965075 -0.8562640087313977 -105.12 0.008679497200494563 -0.9989058874302524 0.045953176011305254 -1.30208 -0.8569315323340385 -0.03111423992203633 -0.5144902846174167 119.933
0.3563551532039512 -0.03172762878912787 -0.9338117381766027 -106.228 0.016858422096275402 -0.9990422736514689 0.04037733351433248 -1.29658 -0.9341984791196207 -0.03013126331110476 -0.3554789847260517 120.264
0.12793446857880086 -0.030048521443631328 -0.991327321377007 -107.775 0.019298901850768095 -0.9992762481367384 0.03278005944347658 -1.24904 -0.9915948387001691 -0.023325228162122378 -0.12726197230269032 120.403
-0.13660265463525306 -0.043353472742211026 -0.989676811463112 -109.638 0.010047980920042186 -0.9990511543204365 0.04237722419453351 -1.20379 -0.9905749607303993 -0.004155412397542989 0.13690865466351682 120.131
-0.3784262610178954 -0.046091189429566706 -0.9244831892625108 -111.751 -0.0010953343670714183 -0.9987364958825413 0.05024153694789379 -1.13449 -0.9256307931430544 0.020025335183962913 0.37789763261514336 119.305
-0.5459009334138925 -0.04285721099567334 -0.8367529087870047 -114.054 -0.0001025360318008782 -0.9986874840263862 0.051218148496493435 -1.04681 -0.8378497242251759 0.028045832394831976 0.5451800353104265 117.849
-0.6075156037074397 -0.043309093881809396 -0.7931261650198675 -116.609 0.0029797256870479315 -0.9986296777967661 0.05224832876138147 -0.956976 -0.7943021544014692 0.029378376583195923 0.6068121608063907 115.918
-0.6294471530388553 -0.045378541314352136 -0.7757171324132667 -119.419 0.004663237973900003 -0.9984959465300475 0.0546269070574522 -0.850441 -0.7770293017273407 0.030767397537757077 0.6287120418012326 113.64
-0.6334131241698484 -0.044066934361415754 -0.772558036282957 -122.537 0.002587195621693697 -0.9984921838859737 0.05483306609550162 -0.730827 -0.7738094859512948 0.03273322493438793 0.6325720634340308 111.079
-0.6372216740934483 -0.0453603358845647 -0.7693445119021664 -125.903 0.0034893835930682356 -0.9984259735047593 0.05597677762442611 -0.598316 -0.7706726686912438 0.03298507783094498 0.6363769499068951 108.28
-0.6414667726787103 -0.03438301352845566 -0.766379924012798 -129.499 -0.004782049822383273 -0.9987964964584491 0.04881281247606543 -0.487507 -0.7671359146518015 0.03497666426389628 0.6405303438622674 105.266
-0.6412393003125845 -0.04237427488075175 -0.7661700728708724 -133.267 0.0009889297981785436 -0.9985188959452573 0.05439702618819331 -0.392302 -0.7673403298097147 0.034123822596467776 0.6403314633679368 102.09
-0.6418864377875384 -0.046876628310917656 -0.7653655222850217 -137.041 0.0043224225491492185 -0.9983349783108011 0.057520324620767276 -0.288 -0.7667875309678234 0.03361328307934101 0.6410203035418589 98.9115
-0.6449069741475161 -0.04657628482365459 -0.7628405104528213 -140.814 0.0017482194794644634 -0.9982285457859265 0.05947027918857017 -0.171586 -0.7642590780779426 0.03701918516311054 0.6438459765388868 95.7223
-0.6466433806182551 -0.044517491760404156 -0.7614923054305648 -144.548 0.006056325228727143 -0.9985637004939351 0.053233983324400116 -0.0688487 -0.7627684178224202 0.02981155787980519 0.6459842194585412 92.5224
-0.6410678073612881 -0.04482888637113824 -0.7661738949557821 -148.281 0.007709276881501803 -0.9986184324647809 0.0519787782806419 0.0308531 -0.7674455247214325 0.027415274726096853 0.6405277271880881 89.3577
-0.6389967337170888 -0.04912385291530776 -0.7676392521058621 -152.05 0.0063667786243770605 -0.9982622742897822 0.05858238523429948 0.176045 -0.7691830981169829 0.032546563636533174 0.6381990933608516 86.2015
-0.6402894352291292 -0.050819386292092636 -0.766450800189326 -155.765 0.00612527101394084 -0.9981151297859935 0.06106282623082169 0.309563 -0.7681093152598586 0.03440316365081584 0.6393938552581239 83.0736
-0.6433673468591035 -0.05817886050558828 -0.7633437477216599 -159.451 0.008355335003091185 -0.9975824003861087 0.06898943989391013 0.459458 -0.7655120151718483 0.038007560171110955 0.6422980460793689 79.9676
-0.6422561756480976 -0.054628839462217846 -0.7645408391583087 -163.071 0.011554159278646867 -0.9980336366693476 0.06160650517534704 0.605504 -0.766402965968454 0.03073353177829769 0.6416244569677723 76.8926
-0.6396057255431791 -0.05314074490728758 -0.7668641190478808 -166.639 0.011205891647665667 -0.9981461961646299 0.0598213931170201 0.746972 -0.7686214567944122 0.029668709321082242 0.6390155114255496 73.8907
-0.6376108514449638 -0.04709244762786714 -0.7689178782523173 -170.19 0.003603586950704136 -0.9983011875548992 0.05815284247194896 0.871158 -0.7703501906800033 0.034308020970251055 0.6366973719251461 70.9402
-0.6362253040399047 -0.047983522024113705 -0.7700097039086534 -173.572 0.0058015636784003455 -0.9983333663267641 0.05741804191677521 0.968609 -0.7714814996862959 0.032063550845664056 0.6354433289829639 68.1194
-0.6365686165510472 -0.05103404008882495 -0.7695296766041567 -176.705 0.008328116208343315 -0.9982048561877611 0.05931026524634223 1.05544 -0.7711751026211272 0.03134632092261146 0.6358509017544212 65.4993
-0.6378296427667135 -0.05746074638990204 -0.7680309950987667 -179.615 0.007829965624402517 -0.9976452543327069 0.06813690736854056 1.15566 -0.770137674994807 0.037446082996005874 0.6367776318479229 63.0784
-0.6510147023536157 -0.05388900683763531 -0.7571498083348412 -182.247 -0.0012944681222148736 -0.9973964801874609 0.07210121817240554 1.25135 -0.7590640168468757 0.047919059378472253 0.6492500150762944 60.8628
-0.7042355022798128 -0.052733617755724965 -0.7080053127534378 -184.494 -0.007952833207278898 -0.9965892013134818 0.08213839704628917 1.33005 -0.7099219039955573 0.06347542346254756 0.7014141150872095 58.7385
-0.7986414384873258 -0.05174707971723358 -0.5995782621740327 -186.29 0.0031706972563757853 -0.9966443122840084 0.08179279595932655 1.39211 -0.6017988030976824 0.06342203507199913 0.7961255215463969 56.4978
-0.9092648109277622 -0.04354142956777527 -0.41393435170289417 -187.399 0.021501109990363317 -0.9980989903899472 0.057759048224070374 1.43541 -0.41566237005252604 0.04361822203807319 0.9084724788503801 54.1735
-0.9827924256188609 -0.03220618903919863 -0.1818840551938716 -187.863 0.026227321169191308 -0.9990366925416883 0.035182589155041855 1.45426 -0.18284194204417106 0.029806850604110827 0.9826903764088567 51.7916
-0.996624910601584 -0.03882698197999565 0.07232740171407939 -187.721 0.040663377451435626 -0.9988823966781363 0.02409247477501229 1.4803 0.07131113028571906 0.026952236954798762 0.9970899155143962 49.4473
-0.9472495960897933 -0.023488214065383303 0.31963495820661136 -187.026 0.035542512066811804 -0.9988579205936341 0.03193093019850437 1.50881 0.3185199091794797 0.04160719009233802 0.9470025919652575 47.3197
-0.8615098975243277 -0.030748224895657213 0.5068088822558149 -185.871 0.05077390652760704 -0.9983784880555088 0.025737229919359554 1.50449 0.5051957114659112 0.047905545125405256 0.8616741564319365 45.3086
-0.8011805750972287 -0.028683086576242807 0.5977348631553406 -184.396 0.04958064615948115 -0.9985980880155383 0.018536939826187704 1.52021 0.5963651948372594 0.04448751685777862 0.8014795164135805 43.3598
-0.7785832196624948 -0.02207301015086996 0.6271530533154269 -182.732 0.04522390897463377 -0.998756299565074 0.02099171589303801 1.53521 0.6259097124322622 0.044706110342542404 0.7786131231754337 41.3042
-0.7734210159055886 -0.020467147897342573 0.6335621737544909 -180.882 0.043885711867812656 -0.9988093176604721 0.021307070387024063 1.54917 0.6323717075023382 0.04428366303243868 0.7733983325163087 39.0864
-0.7753161722008882 -0.00483022872920689 0.6315548289849315 -178.802 0.0282948324219039 -0.9992323824823598 0.02709332494994545 1.53957 0.6309391694783095 0.038875631043759344 0.7748576964378495 36.5797
-0.7752229750383715 -0.015174107258367424 0.6315054120445586 -176.402 0.02879672631115663 -0.9995210376559676 0.0113333065297772 1.52341 0.6310309719232617 0.026971128119697034 0.7752886370388349 33.7034
-0.7744203260095656 -0.016874198711455034 0.6324463772376953 -173.774 0.029346100066051622 -0.999526365153074 0.009265623281651437 1.53812 0.6319904786261831 0.025735321675287554 0.7745487254809202 30.5146
-0.774439228278319 -0.016564764783259682 0.6324314115153963 -170.991 0.03856555157337565 -0.9990341573638044 0.021058268025504416 1.55287 0.6314717570371001 0.04069841505596942 0.7743300711430554 27.1101
-0.7758765063293533 -0.021536200704485066 0.6305171202952168 -168.031 0.04263891872876415 -0.9989220318297294 0.01834930338751257 1.54483 0.629442268628187 0.041121361655242786 0.7759584164630344 23.5241
-0.7757883503837381 -0.038276425649892094 0.6298312080616096 -165.109 0.07003099752297037 -0.9972148170110241 0.025656736339744704 1.5624 0.6270949647340632 0.06401190493289308 0.7763081741370793 19.8931
-0.7794039068674071 -0.02084534871649901 0.626174912781333 -162.202 0.05550211426924154 -0.9978141613290575 0.035866624636758264 1.58152 0.6240585431443644 0.06270861892975807 0.7788572165939379 16.3264
-0.7919317326900206 -0.026982458541561886 0.6100131782917767 -159.376 0.0549494492851686 -0.9981189397056278 0.027187133430547954 1.58119 0.6081321310223945 0.05505024188835712 0.7919247325890225 12.7761
-0.8420050025095673 -0.037545713443102445 0.5381615883272532 -156.845 0.06571423183232211 -0.997284718383876 0.03323898633654428 1.60646 0.535452346603833 0.06335226815230524 0.8421860095230785 9.12166
-0.9163583236204096 -0.035392249386181684 0.39879168925013814 -154.911 0.06178728335834477 -0.9966530789815298 0.05352543107562897 1.67717 0.39556257955826407 0.07368872939617441 0.9154781356281477 5.23109
-0.9672990143738922 -0.022583997591123353 0.25263131208165934 -153.639 0.03773522563003591 -0.9977570366517248 0.05528967859030207 1.70253 0.25081600733993614 0.06301475116806192 0.9659816103825581 1.16547
-0.9869187000690747 -0.03245602773315816 0.1579179714844119 -152.798 0.04169160945199453 -0.9975864298699646 0.05552589162363786 1.74622 0.15573467550699627 0.06138339517395633 0.9858898466064289 -3.15804
-0.9930047381872985 -0.04795644276640914 0.10789703209434053 -152.272 0.05598530992184563 -0.9957844695939669 0.07265628113533745 1.82714 0.10395785208693915 0.07818868020790748 0.9915035528311615 -7.7373
-0.9938345324701802 -0.040699135404899514 0.10313342061171112 -151.725 0.045913976403247334 -0.9977573884877352 0.048704214283537044 1.94742 0.10091991300343313 0.05313919547215879 0.9934744068489895 -12.5359
-0.9933074050896998 -0.04225885060405341 0.1074922719993919 -151.154 0.04685493020932819 -0.9980764286896656 0.04059628073065306 2.0684 0.10556995078641432 0.0453611291714316 0.993376742958706 -17.589
-0.9937422985903986 -0.04116188156954906 0.1038361377263491 -150.543 0.04472541455885977 -0.9984793981157841 0.03222621341205873 2.17303 0.10235175271977055 0.0366686656969658 0.9940721943959577 -22.8214
-0.9940778298540419 -0.046361599685166135 0.09828463902009878 -149.99 0.049355074957954964 -0.998381793242236 0.02824661923685611 2.28073 0.0968160356995336 0.03293018367773987 0.9947573866196606 -28.0764
-0.9948009875784432 -0.04585747957933048 0.09092902000783927 -149.469 0.04814056183065031 -0.9985739974268366 0.02307505080423802 2.38716 0.08974119132028548 0.027332457438366545 0.995590003641457 -33.2152
-0.9958738967957617 -0.04770003246024477 0.0772003146633259 -149.019 0.049229043460089654 -0.9986248676576821 0.018024288493079715 2.49513 0.07623439486760251 0.021750416064267766 0.9968526653624407 -38.328
-0.9965702969846779 -0.048328410689515836 0.06717148121112435 -148.641 0.04972486297244025 -0.9985769568963727 0.019274313423624866 2.61052 0.06614439636313102 0.022548300951636596 0.997555258095486 -43.3646
-0.99711671547611 -0.039601265609366436 0.064730174418658 -148.279 0.040768224178665 -0.9990272616288016 0.016807213325697526 2.70874 0.0640016219751624 0.019397687609449765 0.997761255060525 -48.3402
-0.9966432225135745 -0.04422853833536815 0.06889211431270126 -147.931 0.045868519538955585 -0.9986961485108953 0.022407183330535433 2.79344 0.06781125225994486 0.02549194669342938 0.9973724453386095 -53.2198
-0.9961670690575644 -0.04062243497444247 0.07746604612350716 -147.553 0.04241343657022188 -0.9988662868527936 0.021615767097584133 2.88113 0.0765001367552105 0.024818516588636572 0.996760638423676 -58.0019
-0.9956290536015394 -0.04308510840640157 0.08286411200339674 -147.138 0.044925494081816154 -0.9987805139290765 0.020474007352602835 2.94369 0.08188093554672882 0.02410722773730647 0.9963505176215919 -62.6646
-0.9965916918615444 -0.045012136494095245 0.06912964111567324 -146.771 0.04633807025576893 -0.9987690368703955 0.017697294537700067 3.01611 0.0682479520389899 0.020840310871472735 0.9974506997768182 -67.0352
-0.9983295629227001 -0.04852071425113238 0.03136597014489315 -146.6 0.04943075732821391 -0.9983587682622491 0.02892006334439724 3.08432 0.02991126918954786 0.030422197856905118 0.9990894884108358 -70.9892
-0.9988280911344856 -0.04838408325142392 -0.0011936702054094004 -146.577 0.048316763188598996 -0.998267067118453 0.033590967561220125 3.1393 -0.002816869826038678 0.03349392772789386 0.9994349513849022 -74.2926
-0.9983732333506156 -0.05295649689087574 -0.02113046062165707 -146.626 0.05208692251432792 -0.9978501493906177 0.03977476416156274 3.18876 -0.023191365462670192 0.03860943923664528 0.9989852209966914 -76.9401
-0.9980669399288549 -0.056450582855463775 -0.025994520890560497 -146.679 0.055269050666835066 -0.9974960055531064 0.04412540021329651 3.22915 -0.02842033531537207 0.0426034106718604 0.998687755977656 -78.7765
-0.9985839509449514 -0.0505864652698521 -0.01646518893523835 -146.681 0.04995580369404808 -0.9980772218356568 0.03669164659836026 3.24796 -0.01828963073582353 0.03581715768063229 0.9991909830574073 -79.9348
-0.9988064792934074 -0.04865172488701811 -0.004315852989397721 -146.671 0.04847919216924688 -0.9982550793090531 0.03371297317492876 3.26685 -0.005948516464247491 0.033463506976916454 0.9994222375215995 -80.7797
-0.998671371928899 -0.04583511046690951 0.023550658974584852 -146.629 0.04657363532335407 -0.9984075829891134 0.031830719794002066 3.27745 0.0220541919466168 0.032885268408867394 0.9992157783678451 -81.4341
-0.9975014980085736 -0.04629611535027143 0.053361326577645744 -146.576 0.047750929294893156 -0.9985124943008205 0.026318196682683464 3.28274 0.05206352103081307 0.02880049354835189 0.9982283913760647 -81.8227
-0.9970915053674847 -0.04545665410104341 0.06117370776683105 -146.559 0.04708523412459435 -0.9985666461925706 0.025448651028173733 3.28509 0.059929213672763035 0.028255012115724284 0.9978026576627789 -81.9163
-0.9971958340163949 -0.043019654633829146 0.061235430393952475 -146.564 0.044694453762449834 -0.9986558264199135 0.0262477839147544 3.28012 0.06002394874733559 0.028911064884321852 0.997778169687046 -81.9027
-0.9971720081971169 -0.043140841524184625 0.06153741837869483 -146.559 0.044830801314587665 -0.9986470072719464 0.02635059999843033 3.28069 0.06031737164052579 0.029034852494381636 0.9977568802163223 -81.9108
-0.997163229039854 -0.04298075818329452 0.061791173130155856 -146.561 0.04469835805636232 -0.9986439840581915 0.026688010256436853 3.28039 0.060560312399103124 0.02937426646525169 0.9977322291235016 -81.9095
-0.9970973235969859 -0.042823858025573834 0.06295271606160914 -146.559 0.044595810199451504 -0.9986397383971807 0.027016413652919215 3.28074 0.06171013683652454 0.029745421123538292 0.9976507750379394 -81.9093
-0.9970411798574507 -0.042631945883499854 0.06396407475020026 -146.56 0.044474747971385585 -0.9986273093596229 0.027667558512491384 3.28015 0.06269675000623716 0.030430481286807483 0.997568595810488 -81.9047
-0.9969994133894281 -0.04230005956434542 0.06482958168913906 -146.558 0.044221630024623024 -0.9986152222352477 0.028497111397681095 3.27946 0.06353437761638407 0.03127847312288942 0.9974893683543696 -81.9066
-0.9969617815641625 -0.04228415806921222 0.06541602308906576 -146.559 0.04421447752439629 -0.9986198120645589 0.028346973901809847 3.2784 0.06412710875796572 0.03115318488570805 0.9974553588977408 -81.9035
-0.9969491808453816 -0.04235469188496379 0.06556226725070016 -146.558 0.044300972169683296 -0.9986109994961121 0.028521843387078527 3.27756 0.064263167339802 0.03133930057780281 0.9974407719572881 -81.8999
-0.9969575905800423 -0.04226184528060844 0.0654942670644895 -146.558 0.044215659643559925 -0.9986104071772397 0.02867455526407533 3.2776 0.06419141708298413 0.031483187748154694 0.997440860834412 -81.9033
-0.9969679855661734 -0.04215393420221649 0.06540551649059793 -146.559 0.04409096424971191 -0.9986220625917169 0.028459848499171707 3.27665 0.06411569720167833 0.03125735011705859 0.9974528336898956 -81.8994
-0.9964585656214539 -0.040830393527960085 0.07350650286870163 -146.547 0.04287910135685137 -0.9987284514834082 0.02651156095710653 3.27808 0.0723305583170999 0.029569564790598857 0.9969422907930183 -81.9309
-0.9934596210067745 -0.04007079832373862 0.10692199283016358 -146.497 0.04298800844887762 -0.9987597701027857 0.025118772936375985 3.27695 0.1057828556935126 0.029550850172681224 0.9939500665000213 -82.0605
-0.9854392302433117 -0.038413281300040646 0.16563195137784636 -146.403 0.042845975748943645 -0.9988106213845784 0.023271548540506812 3.27977 0.16454101573647295 0.030029359452312315 0.9859130244150817 -82.2811
-0.966884107812947 -0.03403130422237536 0.2529367359473228 -146.193 0.040186536611398434 -0.9990075714366348 0.01920714678076489 3.29083 0.2520320700505043 0.02873573637826688 0.9672921446599557 -82.7523
-0.9291631316806552 -0.04069486059982373 0.36742319339714863 -145.805 0.04988040548229178 -0.9986343792910173 0.015534530793264814 3.30532 0.3662892571101693 0.03276133115130779 0.9299241234137734 -83.5447
-0.852342390640992 -0.041137798915638284 0.5213637219991193 -145.138 0.055586908374516956 -0.9983805454346714 0.012098847669557346 3.32234 0.5200216771767899 0.039293358191233876 0.8532487839242983 -84.4892
-0.6971460440271834 -0.02245064648151844 0.7165775336764405 -143.89 0.04888814953124054 -0.9986716758233912 0.01627368254300127 3.35201 0.715260331720318 0.04637728302370896 0.6973175786445364 -85.6366
-0.4835876631708291 -0.023012088247850185 0.8749933804455037 -141.788 0.058081987063394486 -0.9982947016793715 0.005845628936408682 3.37446 0.8733667355743202 0.053648228240713206 0.48409958975286055 -86.847
-0.23450711164419927 -0.02996470044470577 0.9716524745584473 -138.889 0.0746034701924724 -0.9971318303869845 -0.012745001543462253 3.40965 0.9692475106099246 0.06949985292330497 0.23606997610899835 -87.6989
-0.0652114815649133 -0.013250414829578925 0.9977834881270351 -135.307 0.07026596031012655 -0.9974907516496287 -0.008654201011915254 3.43993 0.9953944733088509 0.06954586170508631 0.06597890288487918 -88.0214
0.00856080117447392 0.0015922748614680127 0.9999620879533467 -131.138 0.07400926030465031 -0.9972570975313014 0.0009543650262130443 3.41405 0.9972208090851343 0.07399828433288358 -0.00865516281649733 -88.0573
0.03974916294210318 0.0034794346657436442 0.999203631688661 -126.393 0.059168988249603094 -0.9982473497306554 0.0011223124526594172 3.34351 0.9974562821873052 0.059077256961794396 -0.03988537118981905 -87.8427
0.056947405125977756 0.003099778764680941 0.9983723676169267 -121.128 0.058088344104114197 -0.9983114236427915 -0.00021378387480548017 3.25625 0.9966858769585629 0.058005972071099185 -0.05703130609960703 -87.5534
0.07830472839515061 -0.0048162057008059 0.99691783697234 -115.449 0.06011731818090424 -0.9981456892801168 -0.00954416189386556 3.17606 0.9951152081873221 0.06067937981034348 -0.0778699897273299 -87.1229
0.07472553376287144 -0.008974203605431622 0.9971637569995724 -109.502 0.06249615331199271 -0.9979516564164373 -0.013664635995619717 3.10203 0.9952438522417799 0.06333999625305595 -0.07401161699088193 -86.6393
0.07087542496845504 -0.006044139640491428 0.9974668628638983 -103.551 0.06213404999891106 -0.9980129747723757 -0.010462409699774158 3.00697 0.9955481073088701 0.06271818366310801 -0.07035904683640155 -86.1851
0.06773689105222647 -0.006302191315688467 0.9976833144716811 -97.6525 0.06085409607435718 -0.9980921101197089 -0.010436412590540126 2.91201 0.9958456168410602 0.06142004641326429 -0.06722414236746166 -85.762
0.0659345047857061 -0.011905389563434537 0.99775292671984 -91.8141 0.05399146049318469 -0.9984213800105941 -0.015481283265732195 2.83819 0.9963621647134522 0.054890888470526936 -0.06518762988818956 -85.3347
0.06528592475314633 -0.011422434643667597 0.997801220692748 -86.0589 0.05614696012818689 -0.998308294457314 -0.01510192325807622 2.76105 0.9962857355686121 0.05700944837954648 -0.0645341452098772 -84.9225
0.07581123405973533 -0.012961678628878995 0.9970379389358569 -80.377 0.06098290194555886 -0.9979834377763844 -0.017610894194436087 2.68347 0.995255616643603 0.0621373704879031 -0.0748679152121301 -84.5146
0.08743235854196829 -0.01176743574066473 0.9961009537872545 -74.7907 0.05798785493443477 -0.9981745407289343 -0.01688179257912239 2.60445 0.994481267475608 0.059237772549876395 -0.08659038597579671 -84.0155
0.08986224053223463 -0.013544394222779626 0.9958621024577974 -69.2784 0.05350234658254861 -0.9983980630010488 -0.01840670274423115 2.53888 0.9945161017483264 0.05493502690353007 -0.08899363001035948 -83.487
0.07992660225917839 -0.011168326623145462 0.9967381836428971 -63.8227 0.06164775252237323 -0.9979676959272715 -0.016125523078435747 2.47661 0.9948926036815448 0.06273552714412846 -0.07907566486413495 -83.0108
0.06860024276745127 -0.014906314809805934 0.9975328608477205 -58.4057 0.061207439883874115 -0.9979418878560691 -0.019121656966039933 2.42397 0.9957648597912605 0.06236818292251209 -0.06754667840712367 -82.5906
0.0620784442684002 -0.009223156257751636 0.9980286569762714 -53.0319 0.06140556453826841 -0.9980276780834517 -0.013042638655207224 2.34845 0.9961805174771045 0.06209417982386795 -0.061389652475392575 -82.2163
0.0639292492655418 -0.014599508006132604 0.9978476363926125 -47.7068 0.045537400751258734 -0.998808794715699 -0.017531021972273023 2.28428 0.9969149393108541 0.04656013278065184 -0.0631882727591487 -81.8431
0.06637910947746427 -0.014308347304742043 0.9976918787994548 -42.4414 0.0432607575570356 -0.9989156741196169 -0.017204152223895885 2.22646 0.9968562186597275 0.0443029027893035 -0.06568814294734872 -81.464
0.06991952776605206 -0.010972839386696936 0.997492283896355 -37.1882 0.05191753462727072 -0.9985443006124752 -0.01462358754100838 2.19058 0.9962006972669709 0.05280981452473718 -0.06924806318348861 -81.0927
0.0697924487088731 -0.004665419744683909 0.9975506242601553 -31.9895 0.059546143699938665 -0.9981864600009028 -0.008834468933232979 2.10588 0.9957827428077299 0.06001687204005152 -0.06938806955696722 -80.7177
0.0651663241739121 -0.009984609713904826 0.9978244623993348 -26.8817 0.05998134071511442 -0.9981026493634945 -0.013904679053842732 2.02672 0.9960700723140304 0.060756965875807305 -0.06444379053010485 -80.3659
0.060567638133502535 -0.013812787424356297 0.9980685187473349 -21.8522 0.05963711341846903 -0.9980679061921993 -0.01743184821619059 1.9608 0.996380939156326 0.06057773132669454 -0.05962686100466018 -80.0354
0.05731031478917749 -0.018132194799737884 0.9981917407645234 -17.0277 0.05462367644349341 -0.9982804425825454 -0.021269977174257784 1.90692 0.9968609641221596 0.055743891763504125 -0.0562213192703339 -79.7271
0.06706797938136996 -0.017558908979271416 0.9975938907477119 -12.7007 0.052115090832537486 -0.9984186360227978 -0.021077109619013278 1.85608 0.996386422754353 0.05340329538364834 -0.06604683635837763 -79.4296
0.1032461639100703 -0.00908200333677861 0.9946143709263634 -8.90491 0.05423626177480746 -0.9984192311727791 -0.014746753305429836 1.79468 0.9931760455964237 0.055466711095461474 -0.10259038168221785 -79.0623
0.17385512018827162 -0.00822553137933835 0.9847368876089945 -5.69635 0.05315574308532246 -0.9984289197159419 -0.017724538129507337 1.71752 0.9833355806444558 0.055425922711170875 -0.17314474560392093 -78.5442
0.27878971313374146 -0.0037694520725937604 0.9603447751104177 -2.98756 0.043738616398606905 -0.9989047847100475 -0.01661819842550666 1.64591 0.9593556323315884 0.04663713450080757 -0.2783195077589996 -77.796
0.4402046594921696 0.009975720556451819 0.8978420477794314 -0.645083 0.04647970612651116 -0.9988508229051074 -0.011690615902645099 1.56859 0.8966936459459142 0.04687769812149059 -0.4401624549402803 -76.7246
0.6537430616616293 0.018713945767998848 0.7564851601737286 1.2373 0.04108145694674448 -0.999097577863711 -0.010786278412825404 1.47213 0.7556006373901574 0.038128967212063346 -0.6539219056087122 -75.173
0.8251139177878128 0.01168602530030673 0.5648455182485983 2.57477 0.018395380363648718 -0.9998116503872532 -0.006186576694306631 1.37936 0.5646668333222022 0.015495178688819364 -0.8251734767812635 -73.2501
0.9394724701042786 -0.006570946950984529 0.3425613821964368 3.39381 -0.007533993032450254 -0.9999705228247721 0.0014806858340610078 1.32042 0.3425415549464807 -0.003971918644628192 -0.9394942825782006 -71.0065
0.9863687037747288 -0.002979967588813265 0.16452325065756165 3.77639 -0.005746313344640749 -0.9998499656666957 0.01634093140713391 1.28987 0.16444987107537193 -0.017063585481283654 -0.9862378384313879 -68.5692
0.9973024222162155 -0.0023379020686049375 0.07336492932994156 3.97628 -0.0035215505308537685 -0.9998656541883357 0.016008505751316845 1.24999 0.07331764674025175 -0.01622367986767841 -0.9971766718530988 -65.8985
0.9999857240754884 -0.0020273557682887232 0.004943831895344601 4.01194 -0.002095409691249223 -0.9999025893332831 0.013799315302615658 1.21012 0.004915374191906348 -0.013809477657897501 -0.9998925629403237 -62.9005
0.9996099351318063 0.002244284326618721 -0.027837758057124184 3.90159 0.0027081391585214235 -0.9998579396549209 0.016636300409477806 1.15704 -0.027796466827346454 -0.0167051996958313 -0.9994740080337449 -59.4654
0.9990679998513409 -0.00819326179292194 -0.04237926538100432 3.7246 -0.007702731691053847 -0.9999015896859204 0.011725138296181681 1.09928 -0.04247116195180655 -0.01138777435505275 -0.9990327917529543 -55.7139
0.9981983955957728 -0.010606283718440628 -0.059054803155283137 3.50068 -0.010328697505639674 -0.9999341380425862 0.005003757075160569 1.04697 -0.059103984957549954 -0.004384783086330261 -0.9982422013917384 -51.8943
0.9977724683642666 -0.010883297477777864 -0.06581531136664964 3.20387 -0.010389014939088255 -0.9999152370271998 0.007847746774380118 0.996827 -0.06589514202787827 -0.007146509417162094 -0.9978009609437528 -48.0782
