1.0 0.0 0.0 0.0 0.0 -1.0 0.0 0.0 0.0 0.0 -1.0 0.0
-0.872582 0.420856 0.247953 -1.694206 -0.409752 -0.906977 0.097454 0.794605 0.265902 -0.016563 0.963858 -5.093819
-0.859155 0.419612 0.292879 -1.436759 -0.401366 -0.907626 0.122966 0.885636 0.317423 -0.011905 0.948209 -4.517928
-0.826120 0.425935 0.368924 -1.135026 -0.395024 -0.904650 0.159883 0.998559 0.401847 -0.013651 0.915605 -3.843951
0.887894 -0.422115 -0.182931 1.780928 0.415104 0.906510 -0.076990 0.517927 0.198327 -0.007577 0.980106 -6.516593
0.844050 -0.414182 -0.340636 1.342363 0.387481 0.910156 -0.146540 0.320245 0.370726 -0.008303 0.928705 -5.792022
0.743081 -0.417090 -0.523322 0.735056 0.345370 0.908839 -0.233947 0.037435 0.573192 -0.006898 0.819392 -4.890523
0.563886 -0.428624 -0.705914 -0.228939 0.274591 0.903446 -0.329219 -0.440989 0.778866 -0.008195 0.627137 -4.153294
0.327083 -0.426715 -0.843167 -1.661887 0.163628 0.904341 -0.394200 -1.154184 0.930722 -0.009029 0.365617 -3.408366
-0.861365 0.439879 -0.254079 1.166011 -0.418773 -0.898003 -0.134979 2.136331 -0.287538 -0.009865 0.957718 -2.375115
0.861520 -0.451807 -0.231633 -1.959388 0.438230 0.892091 -0.110127 -1.214044 0.256394 -0.006631 0.966550 -0.096355
0.878004 -0.467257 -0.103828 -4.408383 0.465298 0.884067 -0.043857 -2.444579 0.112283 -0.009805 0.993628 -2.484957
-0.885201 0.465208 -0.001336 1.169475 -0.465203 -0.885200 -0.002661 2.154296 -0.002420 -0.001734 0.999996 -4.374657
-0.885243 0.465104 -0.004834 0.983140 -0.465012 -0.885205 -0.013236 2.049003 -0.010435 -0.009469 0.999901 -4.289079
-0.894176 0.447680 -0.005669 1.050271 -0.447560 -0.894127 -0.015042 1.956625 -0.011802 -0.010913 0.999871 -4.285146
-0.899695 0.433891 0.047813 1.460028 -0.433837 -0.900911 0.012053 2.204065 0.048305 -0.009899 0.998784 -2.909977
-0.887701 0.435362 -0.149822 1.527188 -0.427821 -0.900220 -0.081067 2.236683 -0.170166 -0.007866 0.985384 -2.790720
-0.896318 0.442312 -0.031201 0.974446 -0.441877 -0.896851 -0.020064 1.949464 -0.036857 -0.004197 0.999312 -2.376424
-0.892291 0.451389 0.008090 1.207461 -0.451461 -0.892144 -0.016210 2.067686 -0.000099 -0.018116 0.999836 -5.272514
-0.896356 0.443322 0.003475 1.212282 -0.443336 -0.896328 -0.007034 2.073484 -0.000004 -0.007845 0.999969 -5.307568
0.893741 -0.448358 -0.014234 -2.308466 0.448503 0.893732 0.009413 -1.340475 0.008502 -0.014797 0.999854 -6.245995
0.881242 -0.429715 -0.196869 -1.048368 0.421838 0.902906 -0.082547 -0.721711 0.213226 -0.010302 0.976949 -7.706018
0.666682 -0.428142 -0.610107 0.400795 0.322786 0.903664 -0.281428 0.000237 0.671822 -0.009311 0.740654 -3.452281
0.883681 -0.443312 -0.150278 -3.638489 0.438910 0.896310 -0.063139 -1.999560 0.162686 -0.010164 0.986626 -5.263392
0.885201 -0.426869 -0.184938 -3.385871 0.418414 0.904309 -0.084581 -1.804105 0.203346 -0.002509 0.979103 -4.600466
0.908710 -0.413737 0.055382 -2.422827 0.412425 0.910362 0.033863 -1.326147 -0.064429 -0.007931 0.997891 -4.015527
0.890695 -0.415304 0.184889 -2.040049 0.404184 0.909618 0.096073 -1.152880 -0.208078 -0.010843 0.978052 -4.819363
0.814483 -0.426016 0.393862 -1.277854 0.377617 0.904633 0.197595 -0.773348 -0.440480 -0.012209 0.897679 -5.549084
0.645015 -0.446775 0.619959 0.134089 0.319036 0.894638 0.312793 -0.138020 -0.694386 -0.003967 0.719592 -5.186304
0.454145 -0.430186 0.780188 1.615286 0.223153 0.902713 0.367849 0.544738 -0.862528 0.007044 0.505960 -4.716862
-0.833374 0.425986 -0.352171 1.286397 -0.388336 -0.904681 -0.175348 2.090960 -0.393298 -0.009370 0.919363 -4.189894
-0.813071 0.420589 -0.402519 0.392938 -0.367814 -0.907064 -0.204815 1.709756 -0.451253 -0.018477 0.892205 -4.393581
0.906110 -0.401804 0.132356 2.115426 0.394146 0.915482 0.080879 0.705934 -0.153667 -0.021117 0.987897 -9.068717
0.898449 -0.392753 0.196305 2.114989 0.381811 0.919609 0.092415 0.788803 -0.216820 -0.008079 0.976179 -7.446716
-0.910984 0.382922 0.153230 -2.604946 -0.378086 -0.923777 0.060723 0.252514 0.164803 -0.002616 0.986323 -6.334523
-0.916575 0.387525 0.098567 -2.175954 -0.385748 -0.921851 0.037269 0.398885 0.105307 -0.003862 0.994432 -3.963022
-0.870038 0.385585 0.307177 0.079195 -0.359892 -0.922616 0.138770 1.494520 0.336914 0.010185 0.941480 -2.098135
-0.365894 0.416813 0.832099 0.765196 -0.143912 -0.908685 0.391894 1.834090 0.919462 0.023643 0.392467 -5.950769
-0.326449 0.416883 0.848316 1.772097 -0.133099 -0.908817 0.395396 2.360258 0.935797 0.016166 0.352170 -8.182396
-0.505216 0.415775 -0.756233 4.961233 -0.207865 -0.909119 -0.360963 3.905854 -0.837585 -0.025170 0.545726 3.232841
0.242642 -0.431205 0.869015 0.530096 0.106400 0.902209 0.417968 -0.037853 -0.964263 -0.008953 0.264794 -5.003248
-0.870124 0.415273 -0.265392 -0.793975 -0.393374 -0.909619 -0.133599 1.112715 -0.296886 -0.011849 0.954839 -4.474844
-0.872825 0.419548 -0.249309 -1.609568 -0.398951 -0.907615 -0.130659 0.670185 -0.281095 -0.014581 0.959569 -3.838384
-0.908678 0.417453 0.006136 -2.809191 -0.417440 -0.908699 0.003346 0.013774 0.006973 0.000478 0.999976 -4.620692
0.903095 -0.428027 0.034812 1.723578 0.427144 0.903682 0.030111 0.751939 -0.044348 -0.012323 0.998940 -4.866652
0.911393 -0.409424 0.041661 2.039500 0.408994 0.912345 0.018765 0.796562 -0.045692 -0.000063 0.998956 -1.946312
-0.904728 0.419449 -0.074359 -2.408230 -0.417016 -0.907713 -0.046425 0.302591 -0.086969 -0.010993 0.996150 -1.598093
0.890409 -0.413356 -0.190552 1.951268 0.405960 0.910538 -0.078222 0.997667 0.205838 -0.007707 0.978556 -2.320961
0.911015 -0.409155 -0.051430 1.411012 0.409231 0.912382 -0.009517 0.753372 0.050818 -0.012377 0.998631 -3.889015
0.908331 -0.411528 -0.074692 0.742179 0.411381 0.911284 -0.018070 0.423432 0.075502 -0.014313 0.997043 -4.329615
0.908061 -0.406518 -0.100835 -0.294245 0.403683 0.913638 -0.048013 -0.043567 0.111645 0.002893 0.993744 -4.785950
0.902072 -0.414397 -0.120586 -0.469453 0.409817 0.910075 -0.061760 -0.225338 0.135335 0.006294 0.990780 -4.366671
-0.902524 0.411613 -0.126594 0.017245 -0.409683 -0.911254 -0.042147 1.390670 -0.132708 0.013824 0.991059 -3.272344
0.904030 -0.420164 0.078685 0.706458 0.419547 0.907389 0.025021 0.259810 -0.081911 0.010392 0.996585 -2.984485
0.902577 -0.415755 0.111815 0.391641 0.413527 0.909451 0.043535 0.113317 -0.119790 0.006945 0.992775 -4.944082
0.915325 -0.401300 -0.033748 -0.068814 0.400873 0.915940 -0.018868 -0.228918 0.038482 0.003742 0.999252 -5.997025
0.909089 -0.414627 -0.040516 0.414221 0.414474 0.909975 -0.012504 -0.019285 0.042053 -0.005426 0.999101 -4.801473
0.918990 -0.392910 -0.032832 -0.136943 0.392641 0.919576 -0.014552 -0.341196 0.035910 0.000482 0.999355 -6.331841
0.904758 -0.414846 -0.096523 -0.226922 0.413195 0.909872 -0.037458 -0.410236 0.103363 -0.005993 0.994626 -4.387093
0.904931 -0.423739 0.039311 0.320008 0.422436 0.905621 0.037421 -0.160775 -0.051458 -0.017257 0.998526 -6.515726
0.830751 -0.423093 0.361726 1.398760 0.383233 0.906025 0.179589 0.297517 -0.403715 -0.010568 0.914824 -11.353433
0.838946 -0.413627 0.353668 2.060729 0.371189 0.910155 0.183949 0.650051 -0.397979 -0.023046 0.917105 -9.765075
0.857163 -0.423689 0.292848 2.371127 0.390993 0.905395 0.165482 0.773179 -0.335256 -0.027343 0.941730 -8.632698
0.846570 -0.422176 0.324173 -0.691995 0.388004 0.906378 0.167130 -0.726087 -0.364381 -0.015707 0.931118 -7.684325
0.878171 -0.424236 0.220997 -0.224065 0.409250 0.905516 0.112046 -0.411157 -0.247650 -0.007953 0.968817 -5.747552
0.673267 -0.433860 0.598729 -2.928674 0.303420 0.900546 0.311373 -1.776503 -0.674276 -0.027971 0.737950 -6.005621
0.637698 -0.441082 0.631498 -4.931424 0.292087 0.897061 0.331615 -2.775193 -0.712761 -0.027018 0.700887 -7.662812
0.739755 -0.432844 0.515177 -4.193161 0.344903 0.901324 0.262024 -2.329987 -0.577757 -0.016147 0.816049 -6.641300
0.840424 -0.438314 0.318698 -3.303426 0.403891 0.898698 0.170920 -1.878600 -0.361330 -0.014926 0.932319 -4.833869
0.890721 -0.447354 0.080567 -3.458313 0.444070 0.894248 0.055894 -1.916699 -0.097051 -0.014009 0.995181 -4.932987
0.892834 -0.443615 -0.077799 -2.975673 0.443152 0.896124 -0.024063 -1.679016 0.080392 -0.012992 0.996679 -4.592975
0.886208 -0.443330 -0.134515 -2.865531 0.440768 0.896232 -0.049921 -1.641545 0.142688 -0.015049 0.989653 -4.461147
-0.890525 0.454924 -0.002972 5.652382 -0.454808 -0.890414 -0.017652 4.277821 -0.010676 -0.014368 0.999840 -4.200088
-0.887040 0.455522 0.075236 4.096439 -0.455176 -0.890113 0.022688 3.475816 0.077303 -0.014120 0.996908 -5.765360
-0.886668 0.458613 -0.059107 3.012967 -0.456846 -0.888583 -0.041367 2.905802 -0.071493 -0.009676 0.997394 -4.839882
-0.888119 0.456651 -0.052102 3.493043 -0.456261 -0.889624 -0.019848 3.141630 -0.055414 0.006144 0.998444 -3.738433
0.811132 -0.451921 0.371259 -1.178764 0.416973 0.891962 0.174747 -0.778965 -0.410121 0.013062 0.911938 -2.198351
-0.886941 0.452859 -0.090858 2.379273 -0.449891 -0.891567 -0.052023 2.633205 -0.104565 -0.005265 0.994504 -4.639330
-0.885474 0.457043 -0.083950 1.450958 -0.454315 -0.889421 -0.050268 2.195841 -0.097642 -0.006371 0.995201 -3.282759
0.677339 -0.437449 -0.591481 1.586309 0.348463 0.898864 -0.265739 0.542198 0.647908 -0.026114 0.761271 -4.975834
0.678146 -0.442728 -0.586609 -0.681506 0.351570 0.896359 -0.270073 -0.571660 0.645382 -0.023085 0.763511 -6.628574
0.759429 -0.451331 -0.468581 -2.289426 0.394647 0.892174 -0.219726 -1.371159 0.517225 -0.018058 0.855659 -9.449896
0.743749 -0.454630 -0.490050 -4.148179 0.389290 0.890542 -0.235349 -2.251272 0.543406 -0.015731 0.839322 -8.896034
0.828498 -0.458119 -0.322053 -5.768042 0.433443 0.888747 -0.149187 -3.022292 0.354569 -0.015991 0.934893 -8.984218
-0.858331 0.448520 0.249194 8.366309 -0.433100 -0.893740 0.116848 5.470093 0.275123 -0.007632 0.961379 -5.395586
-0.884720 0.449344 0.123937 8.983157 -0.445998 -0.893334 0.055119 5.782695 0.135485 -0.006510 0.990758 -2.501297
0.359350 -0.436918 -0.824603 0.597573 0.194977 0.899277 -0.391516 -0.037414 0.912607 -0.020087 0.408344 -6.620421
0.892510 -0.449592 -0.035945 -8.123829 0.449253 0.893234 -0.017470 -4.189032 0.039962 -0.000556 0.999201 -5.254655
0.892188 -0.445427 0.074802 -9.059554 0.443789 0.895317 0.038178 -4.565260 -0.083977 -0.000865 0.996467 -3.363924
0.893031 -0.447356 0.048665 -8.578034 0.446176 0.894318 0.033490 -4.380879 -0.058503 -0.008194 0.998253 -3.641318
0.870175 -0.448264 0.204587 -4.965959 0.436002 0.893900 0.104136 -2.647496 -0.229561 -0.001416 0.973293 -2.441393
0.787177 -0.453083 0.418412 -2.571279 0.406090 0.891395 0.201263 -1.480450 -0.464159 0.011484 0.885677 -2.600037
0.742191 -0.451009 0.495725 -1.003701 0.384561 0.892387 0.236133 -0.693999 -0.548876 0.015381 0.835762 -0.423833
0.855103 -0.440584 0.273284 -1.417162 0.421748 0.897690 0.127598 -0.927943 -0.301542 0.006147 0.953433 1.176383
0.881512 -0.431367 0.191987 -3.299974 0.423790 0.902123 0.081099 -1.821107 -0.208179 0.009873 0.978041 2.743786
0.903346 -0.426322 0.047084 -1.058139 0.425631 0.904570 0.024348 -0.796786 -0.052971 -0.001955 0.998594 2.438161
0.893937 -0.435345 -0.106545 -0.004515 0.431338 0.900236 -0.059356 -0.218363 0.121756 0.007104 0.992535 3.523981
0.850200 -0.435704 -0.295505 -0.203431 0.414200 0.900061 -0.135385 -0.314079 0.324961 -0.007293 0.945700 5.516149
0.849379 -0.433833 -0.300572 0.916950 0.410408 0.900984 -0.140682 0.248122 0.331843 -0.003865 0.943326 6.620025
0.895709 -0.435203 0.091129 0.392149 0.432666 0.900329 0.047002 0.037344 -0.102502 -0.002672 0.994729 -0.400700
0.901779 -0.431827 0.017856 0.231576 0.431726 0.901955 0.009401 -0.026215 -0.020165 -0.000769 0.999796 -2.754415
0.905789 -0.423618 0.009710 0.184254 0.423694 0.905770 -0.007992 -0.000093 -0.005409 0.011353 0.999921 -3.027631
0.910243 -0.413933 0.010855 0.162169 0.413979 0.910283 -0.002278 0.029769 -0.008938 0.006568 0.999938 -3.591263
0.913461 -0.406077 0.026265 0.379966 0.405944 0.913838 0.010428 0.102088 -0.028236 0.001137 0.999600 -3.726249
0.908396 -0.417981 0.010417 0.641421 0.418077 0.908357 -0.009925 0.194303 -0.005314 0.013371 0.999896 -4.155596
0.910226 -0.413333 0.025388 0.737703 0.413352 0.910559 0.004737 0.179239 -0.025076 0.006182 0.999666 -2.893434
0.905748 -0.422913 0.027659 0.927220 0.422690 0.906170 0.013760 0.204114 -0.030883 -0.000771 0.999523 -2.644582
0.903265 -0.428815 0.015203 0.915088 0.428753 0.903392 0.007271 0.203951 -0.016852 -0.000049 0.999858 -3.560375
0.905589 -0.424019 0.010791 0.831701 0.423973 0.905652 0.006360 0.227511 -0.012470 -0.001185 0.999921 -4.277192
0.902010 -0.430375 0.033987 0.865623 0.429307 0.902499 0.034523 0.255847 -0.045531 -0.016550 0.998826 -3.306104
0.872162 -0.430968 0.231518 1.722869 0.417955 0.902354 0.105225 0.685216 -0.254259 0.004991 0.967123 -2.848318
-0.898217 0.435139 -0.062136 -1.850252 -0.434002 -0.900362 -0.031465 0.584283 -0.069637 -0.001295 0.997572 -6.053210
-0.896000 0.420840 -0.141696 -4.187101 -0.416714 -0.907114 -0.059104 -0.468357 -0.153408 0.006090 0.988144 -3.123859
0.596610 -0.430933 -0.677019 6.164592 0.301004 0.902175 -0.308994 2.593032 0.743945 -0.019437 0.667958 3.616593
0.833995 -0.434552 -0.340025 2.730659 0.406857 0.900583 -0.153030 1.082609 0.372720 -0.010715 0.927882 -3.764144
0.882094 -0.426414 -0.200204 2.227347 0.416299 0.904527 -0.092342 0.845470 0.220466 -0.001890 0.975393 -1.398690
0.729581 -0.429860 -0.531913 2.206976 0.350319 0.902883 -0.249153 0.872994 0.587357 -0.004562 0.809315 -1.811314
0.760037 -0.432555 -0.485016 -0.874637 0.366795 0.901600 -0.229300 -0.520686 0.536475 -0.003625 0.843908 -1.231781
0.892671 -0.425306 -0.149176 -1.916625 0.419277 0.905049 -0.071371 -1.025619 0.165366 0.001165 0.986232 -3.229741
0.892508 -0.424039 -0.153690 -2.957692 0.419970 0.905574 -0.059677 -1.525863 0.164483 -0.011284 0.986316 -3.905872
-0.893589 0.448736 -0.011585 1.087302 -0.448344 -0.893481 -0.026092 1.959117 -0.022060 -0.018121 0.999592 -6.095784
-0.888614 0.434132 0.147969 3.874055 -0.430132 -0.900787 0.059736 3.281719 0.159222 -0.010564 0.987186 -7.624923
-0.741328 0.415465 0.527088 4.068521 -0.341732 -0.909596 0.236336 3.357730 0.577626 -0.004921 0.816286 -8.133809
0.910459 -0.413580 -0.004114 -2.210032 0.413585 0.910465 0.000371 -1.036418 0.003592 -0.002039 0.999991 -6.105290
0.908197 -0.417946 0.022346 -1.813997 0.417625 0.908447 0.017704 -0.896655 -0.027700 -0.006746 0.999594 -2.355748
-0.886242 0.423250 -0.188242 1.800467 -0.411614 -0.905954 -0.099100 2.191865 -0.212482 -0.010344 0.977110 -3.007797
-0.896395 0.438455 -0.065057 0.844118 -0.436666 -0.898720 -0.040311 1.784037 -0.076142 -0.007727 0.997067 -2.509452
-0.887583 0.450516 -0.096075 0.663933 -0.447510 -0.892762 -0.052058 1.785647 -0.109225 -0.003211 0.994012 -3.155744
0.741851 -0.443635 0.502837 0.207588 0.373924 0.896143 0.238975 -0.124775 -0.556631 0.010739 0.830690 -6.250114
0.800743 -0.443574 0.402558 -0.194060 0.396919 0.896237 0.198026 -0.378688 -0.448627 0.001215 0.893718 -6.728650
0.808245 -0.438300 0.393235 0.166580 0.396250 0.898818 0.187382 -0.231288 -0.435576 0.004369 0.900141 -5.892549
0.809421 -0.439796 0.389125 0.510299 0.399562 0.898073 0.183888 -0.065067 -0.430336 0.006637 0.902645 -5.217608
0.825294 -0.438085 0.356329 0.702853 0.404076 0.898923 0.169290 0.061094 -0.394476 0.004270 0.918896 -4.544225
0.837285 -0.432862 0.334043 0.810420 0.403842 0.901450 0.155884 0.074698 -0.368599 0.004382 0.929578 -4.253460
0.838326 -0.433848 0.330131 0.819643 0.406063 0.900967 0.152876 0.054554 -0.363762 0.005894 0.931473 -4.205152
0.838232 -0.431181 0.333843 0.842554 0.403351 0.902241 0.152547 0.069160 -0.366982 0.006786 0.930203 -4.204652
0.838733 -0.430807 0.333063 0.841850 0.402923 0.902422 0.152599 0.058186 -0.366304 0.006209 0.930474 -4.245076
0.838552 -0.430969 0.333313 0.870776 0.403267 0.902342 0.152173 0.078067 -0.366344 0.006809 0.930455 -4.152618
0.837936 -0.432358 0.333061 0.862087 0.405156 0.901664 0.151165 0.073465 -0.365666 0.008275 0.930709 -4.168433
0.840080 -0.429781 0.330989 0.832392 0.403291 0.902894 0.148796 0.066636 -0.362797 0.008484 0.931829 -4.168503
0.840968 -0.428807 0.329997 0.828632 0.402111 0.903367 0.149114 0.051206 -0.362049 0.007295 0.932131 -4.177890
0.839968 -0.429920 0.331093 0.833496 0.402573 0.902844 0.151022 0.048634 -0.363852 0.006435 0.931434 -4.145674
0.840539 -0.430579 0.328780 0.830078 0.403590 0.902530 0.150185 0.044796 -0.361400 0.006456 0.932389 -4.184744
0.839918 -0.429925 0.331213 0.828963 0.402696 0.902839 0.150723 0.060310 -0.363831 0.006783 0.931440 -4.200577
0.837948 -0.430717 0.335150 0.844710 0.402486 0.902465 0.153498 0.088207 -0.368576 0.006270 0.929576 -4.227439
0.840138 -0.430730 0.329606 0.832086 0.403580 0.902458 0.150642 0.072568 -0.362342 0.006462 0.932023 -4.241667
0.848605 -0.433843 0.302739 0.852424 0.410800 0.900970 0.139635 0.090053 -0.333338 0.005870 0.942789 -4.133880
0.866794 -0.429802 0.252860 0.831722 0.415872 0.902861 0.109055 0.088996 -0.275169 0.010629 0.961337 -4.001227
0.885573 -0.429323 0.177321 0.875808 0.423013 0.903101 0.073952 0.111371 -0.191888 0.009519 0.981371 -3.455147
0.897390 -0.434709 0.075628 0.933635 0.432983 0.900570 0.038752 0.144892 -0.084953 -0.002030 0.996383 -2.706334
0.896765 -0.432473 -0.093703 0.770272 0.429610 0.901636 -0.049880 0.032636 0.106058 0.004475 0.994350 -1.702585
0.844864 -0.433485 -0.313522 0.262165 0.400566 0.901036 -0.166375 -0.213671 0.354615 0.014978 0.934892 -0.067984
0.834053 -0.430609 -0.344863 2.022330 0.398829 0.902536 -0.162370 0.630361 0.381170 -0.002116 0.924503 1.897313
0.896829 -0.442253 0.010504 0.449414 0.442109 0.896859 0.013576 -0.051973 -0.015424 -0.007531 0.999853 -0.714589
-0.808382 0.445336 -0.384961 -1.005112 -0.406419 -0.895319 -0.182292 1.029293 -0.425843 0.009094 0.904752 -0.600910
-0.891765 0.450149 -0.046052 0.845956 -0.449684 -0.892951 -0.020575 1.863160 -0.050384 0.002361 0.998727 -3.385659
-0.896486 0.441965 0.031304 -1.337336 -0.441371 -0.896997 0.024235 0.939561 0.038791 0.007910 0.999216 -1.914338
0.901596 -0.432576 -0.001706 0.826658 0.432574 0.901598 -0.001392 0.230324 0.002141 0.000516 0.999998 -4.134392
0.898642 -0.438578 -0.009648 0.868158 0.438607 0.898679 0.001064 0.185895 0.008204 -0.005188 0.999953 -3.512546
0.899953 -0.435952 -0.005539 0.828910 0.435972 0.899954 0.003291 0.172750 0.003550 -0.005377 0.999979 -4.428196
-0.900527 0.434122 -0.024268 0.688062 -0.434049 -0.900849 -0.008490 1.790192 -0.025548 0.002888 0.999669 -4.066446
-0.899662 0.435544 -0.030138 0.577876 -0.435257 -0.900166 -0.015856 1.701617 -0.034035 -0.001147 0.999420 -3.035847
0.902331 -0.430935 0.009727 0.998103 0.430829 0.902365 0.011218 0.264840 -0.013612 -0.005932 0.999890 -4.292725
0.902349 -0.430619 0.018282 1.091981 0.430455 0.902528 0.012333 0.298193 -0.021811 -0.003259 0.999757 -3.573900
0.903780 -0.427992 -0.002044 1.162159 0.427990 0.903783 -0.001032 0.328788 0.002289 0.000058 0.999997 -2.962598
-0.905848 0.422546 -0.029897 0.335152 -0.422259 -0.906340 -0.015635 1.626007 -0.033703 -0.001538 0.999431 -2.991938
-0.908456 0.417969 0.003102 0.464962 -0.417981 -0.908435 -0.006163 1.683977 0.000242 -0.006896 0.999976 -3.263762
-0.899001 0.428555 -0.090210 -0.505648 -0.425744 -0.903496 -0.049360 1.213768 -0.102658 -0.005968 0.994699 -3.968862
0.901879 -0.431963 -0.004732 0.941563 0.431963 0.901891 -0.000995 0.276972 0.004698 -0.001147 0.999988 -3.712802
0.901043 -0.433726 0.001771 0.915721 0.433687 0.901005 0.010279 0.256468 -0.006054 -0.008494 0.999946 -4.261687
0.903065 -0.429484 0.004179 0.900886 0.429469 0.903073 0.004008 0.259682 -0.005495 -0.001825 0.999983 -4.133847
0.899783 -0.436328 -0.002969 0.897740 0.436338 0.899761 0.006295 0.306518 -0.000075 -0.006960 0.999976 -3.627903
-0.895799 0.444088 -0.018172 0.512422 -0.444024 -0.895982 -0.007644 1.677792 -0.019676 0.001222 0.999806 -4.651287
-0.897506 0.440813 -0.012923 0.546935 -0.440789 -0.897598 -0.004821 1.645468 -0.013725 0.001369 0.999905 -3.112025
0.897248 -0.441170 0.017763 1.020559 0.441102 0.897424 0.007780 0.294425 -0.019373 0.000854 0.999812 -4.577553
0.895099 -0.441626 0.061364 1.194133 0.440480 0.897198 0.031826 0.373421 -0.069111 -0.001458 0.997608 -3.488756
-0.899475 0.434201 -0.049145 0.284528 -0.433540 -0.900816 -0.023938 1.607802 -0.054664 -0.000225 0.998505 -2.640702
-0.892680 0.438309 -0.104919 -0.254254 -0.435748 -0.898818 -0.047433 1.387287 -0.115094 0.003376 0.993349 -1.402869
0.902212 -0.431293 -0.000842 1.093700 0.431293 0.902212 0.000592 0.239541 0.000505 -0.000897 1.000000 -3.959146
0.901832 -0.431248 0.026944 1.916467 0.430940 0.902228 0.016644 0.652747 -0.031487 -0.003399 0.999499 -3.429098
0.894650 -0.435593 0.099295 2.242193 0.432889 0.900144 0.048468 0.779661 -0.110492 -0.000379 0.993877 -3.220676
0.893730 -0.444640 -0.059518 2.071653 0.442956 0.895663 -0.039730 0.611879 0.070974 0.009144 0.997437 -2.548749
0.733342 -0.433959 0.523344 0.876281 0.359310 0.900882 0.243529 0.127150 -0.577154 0.009452 0.816581 -5.944222
0.865215 -0.422048 0.270698 1.228275 0.400591 0.906548 0.133027 0.338174 -0.301545 -0.006658 0.953428 -4.273625
0.909776 -0.413384 0.037706 1.597678 0.412620 0.910516 0.026549 0.472483 -0.045307 -0.008596 0.998936 -2.630747
0.900184 -0.407861 -0.152702 2.144949 0.403114 0.913027 -0.062287 0.680349 0.164825 -0.005486 0.986308 -0.607115
0.914561 -0.404389 -0.006974 1.801244 0.404398 0.914583 -0.000198 0.551983 0.006458 -0.002639 0.999976 0.085537
0.917416 -0.397168 0.024601 1.644138 0.396858 0.917729 0.016638 0.445813 -0.029185 -0.005501 0.999559 -1.345810
-0.914986 0.403182 0.015647 -2.773164 -0.403267 -0.915079 -0.002610 0.287982 0.013266 -0.008698 0.999874 -4.069567
-0.905053 0.414065 0.097107 -2.669010 -0.412270 -0.910234 0.038823 0.286700 0.104465 -0.004898 0.994516 -3.203739
0.907785 -0.419402 0.005412 1.529998 0.419315 0.907756 0.012371 0.481921 -0.010101 -0.008961 0.999909 -4.394344
0.908105 -0.418688 -0.006735 1.481020 0.418723 0.908099 0.005195 0.446141 0.003941 -0.007538 0.999964 -4.411047
0.903176 -0.418400 -0.095991 0.927027 0.417021 0.908224 -0.034971 0.175568 0.101814 -0.008445 0.994768 -3.736689
0.908474 -0.417920 -0.004334 1.614160 0.417942 0.908409 0.010849 0.546426 -0.000597 -0.011667 0.999932 -3.393607
0.909195 -0.416293 0.007999 1.665257 0.416155 0.909175 0.014695 0.583470 -0.013389 -0.010032 0.999860 -4.725990
0.908292 -0.418306 0.004990 1.733217 0.418253 0.908284 0.009144 0.663498 -0.008357 -0.006218 0.999946 -4.290577
0.911628 -0.410982 0.005382 1.686014 0.410970 0.911643 0.003257 0.618715 -0.006245 -0.000757 0.999980 -3.484043
0.908020 -0.418926 -0.001366 1.716524 0.418927 0.908021 0.000368 0.653878 0.001086 -0.000906 0.999999 -4.017683
0.906782 -0.420959 -0.023253 1.653776 0.420942 0.907069 -0.005878 0.608895 0.023567 -0.004459 0.999712 -3.670028
0.905271 -0.423957 -0.027269 1.687955 0.423979 0.905656 -0.005244 0.661237 0.026920 -0.006814 0.999614 -3.537024
0.901742 -0.432193 -0.008414 1.650637 0.432237 0.901750 0.004247 0.627918 0.005752 -0.007467 0.999955 -2.959717
0.272226 -0.432472 0.859571 2.536842 0.133769 0.901643 0.411275 0.963856 -0.952890 0.003024 0.303302 -5.546450
-0.889428 0.427918 -0.160633 -2.276977 -0.419264 -0.903770 -0.086122 0.457845 -0.182028 -0.009252 0.983250 -4.951559
-0.890169 0.425602 -0.162668 -2.695769 -0.416978 -0.904871 -0.085661 0.270442 -0.183651 -0.008424 0.982955 -3.797564
-0.888192 0.428883 -0.164849 -2.984297 -0.419704 -0.903308 -0.088782 0.121739 -0.186986 -0.009667 0.982315 -2.742490
0.578949 -0.424840 -0.695937 6.176322 0.285014 0.905131 -0.315442 2.633340 0.763927 -0.015727 0.645111 4.752244
0.785369 -0.427380 -0.447818 4.593341 0.374902 0.904048 -0.205297 1.939647 0.492588 -0.006655 0.870237 -0.782143
0.824348 -0.429310 -0.368975 3.119066 0.394747 0.903135 -0.168889 1.282722 0.405740 -0.006429 0.913966 -2.742041
0.846475 -0.425290 -0.320327 2.765265 0.400373 0.905033 -0.143590 1.108744 0.350973 -0.006706 0.936362 -3.175001
0.881394 -0.423080 -0.210117 1.601698 0.412480 0.906086 -0.094180 0.544822 0.230229 -0.003659 0.973130 -4.730045
-0.893613 0.421166 0.155160 -2.576080 -0.416032 -0.906966 0.065812 0.317706 0.168443 -0.005741 0.985695 -4.600248
-0.855851 0.425261 0.294401 -1.581069 -0.405670 -0.905017 0.127970 0.779728 0.320859 -0.009906 0.947075 -6.491616
-0.864630 0.421931 0.272743 -1.675197 -0.408649 -0.906426 0.106762 0.677229 0.292267 -0.019147 0.956145 -6.528155
-0.876224 0.423003 0.230869 -1.353288 -0.410354 -0.906117 0.102777 0.738095 0.252669 -0.004683 0.967542 -5.026881
0.900837 -0.428178 0.071810 1.920669 0.426589 0.903690 0.036949 0.656505 -0.080715 -0.002651 0.996733 -6.804114
0.904623 -0.420558 -0.069198 1.585204 0.419781 0.907250 -0.026130 0.552281 0.073769 -0.005410 0.997261 -5.236877
0.889008 -0.420171 -0.181991 1.143262 0.414863 0.907323 -0.068217 0.333906 0.193788 -0.014857 0.980931 -3.403788
0.892708 -0.414673 -0.176407 1.247570 0.411415 0.909701 -0.056429 0.380639 0.183877 -0.022202 0.982699 -1.666555
0.897686 -0.414417 -0.149727 0.990272 0.412827 0.909792 -0.043041 0.243308 0.154057 -0.023174 0.987790 -2.211144
0.899377 -0.420739 -0.118744 1.032040 0.418907 0.907094 -0.041217 0.347933 0.125054 -0.012673 0.992069 -1.914034
