0.088726 -0.996048 0.004119 1.307733 0.976021 0.086116 -0.199918 2.884466 0.198773 0.021759 0.979804 1.991604
0.082501 -0.996542 0.009967 1.260206 0.977993 0.079035 -0.193089 2.746112 0.191634 0.025678 0.981131 1.329633
0.083900 -0.996371 0.014354 1.251059 0.991117 0.081949 -0.104744 2.876217 0.103188 0.023015 0.994395 0.930731
-0.065560 0.996839 0.044885 -0.898986 -0.967688 -0.074490 0.240898 -0.661229 0.243480 -0.027641 0.969512 0.391913
-0.051147 0.996757 0.062142 -0.664655 -0.816192 -0.077577 0.572549 2.266324 0.575512 -0.021436 0.817512 1.177094
-0.021051 0.996772 -0.077474 -0.803192 -0.055196 -0.078532 -0.995383 1.107417 -0.998254 -0.016677 0.056671 -1.094219
0.085534 -0.996307 -0.007570 1.322291 0.959547 0.084418 -0.268595 2.955782 0.268242 0.015711 0.963224 1.756565
0.091160 -0.995764 0.012041 1.200091 0.994741 0.090486 -0.047993 2.028901 0.046700 0.016352 0.998776 -0.140212
0.083784 -0.996100 0.027689 1.121035 0.996459 0.083552 -0.009435 1.801616 0.007084 0.028381 0.999572 -0.456417
-0.079926 0.996459 0.026076 -1.095759 -0.996791 -0.080017 0.002442 -3.678757 0.004520 -0.025797 0.999657 -0.810939
-0.070110 0.997317 0.021044 -1.039255 -0.997453 -0.069811 -0.014656 -3.569366 -0.013148 -0.022018 0.999671 -0.160576
-0.062966 0.997835 0.018981 -0.911783 -0.994881 -0.064264 0.077985 -2.622785 0.079036 -0.013974 0.996774 1.961397
-0.058675 0.997630 0.035926 -0.809199 -0.950424 -0.066835 0.303688 -0.849644 0.305370 -0.016325 0.952094 2.633481
0.072114 -0.997383 0.004982 1.119997 0.981143 0.070040 -0.180145 2.254566 0.179325 0.017879 0.983627 -0.234331
0.095348 -0.995397 0.009639 1.142497 0.982421 0.092535 -0.162127 2.056289 0.160489 0.024928 0.986723 -0.131429
0.094589 -0.995484 0.007968 1.120680 0.989893 0.093203 -0.106888 1.622388 0.105663 0.017998 0.994239 -0.274661
0.087388 -0.995814 0.026791 1.107879 0.992399 0.089365 0.084609 2.043686 -0.086649 0.019193 0.996054 -1.038917
0.068386 -0.997071 0.034244 1.026309 0.963609 0.074904 0.256605 1.664362 -0.258418 0.015450 0.965909 -3.043625
-0.056591 0.997200 0.048878 -0.845936 -0.953633 -0.068484 0.293076 -0.806934 0.295603 -0.030026 0.954839 -0.934094
-0.067590 0.996812 0.042399 -0.799135 -0.970311 -0.075565 0.229753 -0.576392 0.232224 -0.025611 0.972325 0.466086
-0.070529 0.996895 0.035016 -0.798111 -0.995234 -0.072695 0.064992 -0.655128 0.067335 -0.030265 0.997271 1.869653
-0.076526 0.996299 0.039139 -0.659139 -0.992130 -0.079990 0.096327 1.200848 0.099102 -0.031460 0.994580 0.765157
-0.073970 0.995921 0.051678 -0.758734 -0.977507 -0.082670 0.194028 0.803230 0.197509 -0.036164 0.979634 0.075173
-0.082805 0.995422 0.047736 -0.837400 -0.986132 -0.088757 0.140234 -0.593314 0.143829 -0.035462 0.988967 -0.280249
0.073466 -0.996577 -0.037921 1.020572 0.838246 0.082306 -0.539046 0.722240 0.540322 0.007815 0.841422 0.399545
-0.073087 0.996844 0.030996 -0.742054 -0.997073 -0.072334 -0.024763 -0.140487 -0.022443 -0.032715 0.999213 0.194633
-0.076483 0.996866 0.020190 -0.727357 -0.988538 -0.073169 -0.132059 -0.348008 -0.130168 -0.030059 0.991036 -0.424206
-0.059473 0.998027 0.020165 -0.804609 -0.993938 -0.057335 -0.093804 -1.154961 -0.092463 -0.025621 0.995387 -1.784059
-0.050317 0.998417 0.025123 -0.871909 -0.997400 -0.051534 0.050374 -2.008903 0.051589 -0.022523 0.998415 -1.722445
-0.052872 0.998468 0.016322 -0.771253 -0.996093 -0.051574 -0.071683 -1.573245 -0.070732 -0.020049 0.997294 0.538240
-0.060997 0.997974 0.018039 -0.751367 -0.982547 -0.056852 -0.177114 -1.457110 -0.175730 -0.028528 0.984025 0.306232
-0.073310 0.997184 0.015785 -0.749802 -0.992793 -0.071464 -0.096202 -1.136664 -0.094803 -0.022724 0.995237 1.614175
0.077545 -0.996824 0.018178 0.895714 0.996775 0.077893 0.019307 0.466171 -0.020661 0.016622 0.999648 -2.201239
-0.081394 0.996213 0.030570 -0.877295 -0.994031 -0.078904 -0.075338 -0.497114 -0.072640 -0.036520 0.996689 -5.436416
-0.085133 0.996060 0.024793 -0.757746 -0.988208 -0.081231 -0.129795 -0.755639 -0.127270 -0.035551 0.991231 -1.620207
-0.093450 0.995541 0.012913 -0.680780 -0.977384 -0.089259 -0.191712 -1.102932 -0.189704 -0.030536 0.981366 -0.639120
-0.091341 0.995756 0.011273 -0.705432 -0.979873 -0.087855 -0.179251 -1.192570 -0.177500 -0.027419 0.983739 -0.177628
0.077219 -0.996638 0.027391 0.881474 0.991677 0.079616 0.101183 0.607540 -0.103024 0.019350 0.994491 -0.823875
0.065930 -0.997489 0.025872 0.922218 0.993862 0.067955 0.087291 0.783005 -0.088830 0.019958 0.995847 -0.480394
0.071015 -0.997189 0.023921 0.945234 0.995340 0.069274 -0.067074 0.434617 0.065228 0.028573 0.997461 0.641632
-0.051671 0.996439 0.066636 -0.698887 -0.894777 -0.075826 0.440027 0.776470 0.443512 -0.036888 0.895509 -1.664405
-0.028399 0.997337 0.067178 -0.657004 -0.729234 -0.066636 0.681012 1.516951 0.683675 -0.029648 0.729184 -1.993037
0.001059 0.997584 0.069473 -0.546587 -0.450675 -0.061542 0.890564 3.047545 0.892688 -0.032253 0.449521 -1.002778
0.073607 -0.996956 -0.025680 0.877820 0.889688 0.077278 -0.449980 -1.037390 0.450595 0.010275 0.892669 -0.838959
0.072804 -0.997080 -0.023039 0.820756 0.890115 0.075379 -0.449459 -1.779702 0.449883 0.012215 0.893004 0.984038
-0.088793 0.996050 0.001555 -0.366640 -0.944404 -0.083692 -0.317959 3.054080 -0.316572 -0.029701 0.948103 3.861914
-0.085375 0.996330 0.006260 -0.414550 -0.976477 -0.082422 -0.199250 2.769020 -0.198003 -0.023123 0.979929 2.645877
-0.065834 0.997543 0.023946 -0.509943 -0.997251 -0.064960 -0.035634 2.429302 -0.033991 -0.026226 0.999078 0.831553
0.076793 -0.996782 0.022974 0.622415 0.994885 0.078123 0.064031 -3.514146 -0.065620 0.017940 0.997683 -0.911843
0.090649 -0.995670 0.020586 0.583472 0.994543 0.089435 -0.053713 -3.714785 0.051639 0.025342 0.998344 -0.648353
-0.044424 0.998639 0.027329 -0.617764 -0.998536 -0.043541 -0.032081 2.229742 -0.030848 -0.028715 0.999112 0.085069
0.054980 -0.997191 0.050868 0.823433 0.930177 0.069671 0.360440 -1.627108 -0.362971 0.027499 0.931395 -1.841120
-0.020489 -0.996404 0.082224 0.909223 0.189155 0.076893 0.978932 -1.957177 -0.981733 0.035610 0.186899 0.095033
-0.060140 0.998162 0.007529 -0.739842 -0.989318 -0.058600 -0.133478 1.440544 -0.132791 -0.015475 0.991023 -1.227245
0.039254 -0.997192 -0.063773 1.087439 0.670873 0.073600 -0.737911 0.371664 0.740533 -0.013818 0.671878 2.040155
0.060002 -0.997939 0.022799 0.761104 0.997307 0.058968 -0.043612 -2.717729 0.042178 0.025354 0.998789 -2.142329
0.095337 -0.995246 0.019908 0.681226 0.995438 0.095245 -0.005550 -2.815234 0.003627 0.020346 0.999786 -1.825356
0.094318 -0.995260 0.023703 0.689686 0.995325 0.094767 0.018610 -3.126453 -0.020768 0.021836 0.999546 -0.078313
0.023728 -0.997144 0.071708 0.985239 0.704740 0.067558 0.706242 -0.599108 -0.709069 0.033778 0.704329 -1.878197
0.023146 -0.996514 0.080146 1.204163 0.656803 0.075596 0.750263 1.506695 -0.753707 0.035274 0.656263 -2.143520
-0.068018 0.996187 0.054633 -0.856195 -0.981352 -0.076672 0.176266 1.337026 0.179783 -0.041625 0.982825 1.560388
0.066467 -0.995867 -0.061891 1.164111 0.510690 0.087242 -0.855327 -0.798861 0.857192 0.025243 0.514378 1.876621
-0.071702 0.997365 0.011028 -0.705668 -0.954360 -0.065388 -0.291414 1.316358 -0.289925 -0.031420 0.956533 3.196632
0.066620 -0.997755 0.006805 0.820679 0.995507 0.066927 0.066984 -1.744135 -0.067289 0.002312 0.997731 0.302094
0.037583 -0.997787 0.054862 1.121898 0.853334 0.060614 0.517829 2.644578 -0.520008 0.027355 0.853723 -1.040620
-0.080227 0.996592 0.019201 -0.646197 -0.995960 -0.079367 -0.042015 -0.015289 -0.040348 -0.022494 0.998932 1.742547
-0.079001 0.996460 0.028754 -0.516106 -0.993734 -0.076432 -0.081558 0.785944 -0.079071 -0.035017 0.996254 1.770419
0.060716 -0.998009 0.017052 0.649779 0.998102 0.060880 0.009264 -1.626674 -0.010283 0.016457 0.999812 -0.824121
0.077383 -0.996840 0.017928 0.662289 0.996404 0.077946 0.033213 -2.516116 -0.034505 0.015294 0.999287 -0.279443
0.091002 -0.995746 0.014451 0.622283 0.994505 0.090116 -0.053283 -2.602957 0.051754 0.019220 0.998475 -0.638798
-0.058449 0.997778 0.032007 -0.620397 -0.997494 -0.057092 -0.041787 0.892072 -0.039867 -0.034369 0.998614 -2.177847
-0.053632 0.997978 0.034108 -0.662015 -0.998525 -0.053887 0.006602 0.094477 0.008426 -0.033704 0.999396 -1.334071
0.067065 -0.996981 -0.039124 1.226480 0.644254 0.073213 -0.761300 4.144461 0.761866 0.025851 0.647219 1.955081
-0.055804 0.997717 0.038056 -0.542592 -0.986299 -0.061012 0.153275 2.398096 0.155247 -0.028981 0.987451 -0.309999
-0.041985 0.995745 0.082030 -0.739519 -0.878953 -0.075849 0.470838 3.044141 0.475057 -0.052332 0.878397 -7.890481
0.071914 -0.997262 0.017231 0.531081 0.988645 0.068986 -0.133498 -3.840095 0.131944 0.026635 0.990899 -6.274463
0.072551 -0.997353 0.004926 0.613640 0.995590 0.072126 -0.059986 -3.723135 0.059472 0.009257 0.998187 -4.291040
0.068237 -0.997667 0.001988 0.675149 0.993347 0.067756 -0.093121 -3.137934 0.092769 0.008329 0.995653 -1.493670
-0.054955 0.998365 0.015718 -0.313391 -0.925259 -0.045001 -0.376657 5.587486 -0.375333 -0.035242 0.926220 1.475572
-0.045288 0.998588 0.027784 -0.491346 -0.998196 -0.046333 0.038183 4.608085 0.039416 -0.026005 0.998885 -2.994484
0.046019 -0.998361 0.034002 0.728780 0.937963 0.054895 0.342362 -2.559767 -0.343667 0.016138 0.938953 -1.379520
0.023512 -0.998188 0.055402 0.877851 0.856077 0.048724 0.514547 -0.878444 -0.516313 0.035331 0.855671 -1.299322
0.004890 -0.999078 0.042644 0.937208 0.890287 0.023769 0.454779 0.469949 -0.455374 0.035742 0.889583 -1.109138
-0.006036 0.999156 0.040647 -0.543029 -0.921598 -0.021334 0.387559 2.865049 0.388099 -0.035121 0.920949 -2.206491
-0.021602 0.998557 0.049185 -0.206542 -0.786886 -0.047329 0.615281 6.402681 0.616720 -0.025412 0.786773 -0.822872
-0.033009 0.997130 0.068143 -0.205638 -0.710318 -0.071369 0.700253 7.356798 0.703106 -0.025288 0.710635 -0.315883
0.071475 -0.996916 0.032409 0.851753 0.996620 0.072698 0.038268 -1.464433 -0.040506 0.029564 0.998742 5.107244
-0.070908 0.996715 -0.039123 -0.473551 -0.788553 -0.080033 -0.609737 0.199501 -0.610866 -0.012385 0.791637 6.948038
-0.089314 0.995750 -0.022440 -0.442386 -0.924648 -0.091269 -0.369723 0.007305 -0.370200 -0.012272 0.928871 7.595574
-0.093123 0.995608 -0.009558 -0.493190 -0.971038 -0.092938 -0.220108 -0.166134 -0.220030 -0.011216 0.975428 7.113984
-0.077752 0.996897 0.012305 -0.525196 -0.990890 -0.078633 0.109332 1.019100 0.109960 -0.003692 0.993929 0.501630
-0.067112 0.997610 0.016454 -0.418343 -0.973281 -0.069087 0.218976 2.866912 0.219589 -0.001318 0.975592 1.376846
-0.072617 0.997076 0.023797 -0.421226 -0.972842 -0.076070 0.218611 3.244999 0.219782 -0.007276 0.975522 1.967553
0.072389 -0.997153 0.021103 0.861362 0.996309 0.071317 -0.047772 -1.687441 0.046131 0.024483 0.998635 2.046292
0.074136 -0.997226 0.006645 0.771280 0.988454 0.072598 -0.132993 -2.141376 0.132142 0.016429 0.991095 2.175619
-0.081456 0.996486 0.019513 -0.659496 -0.988237 -0.078208 -0.131417 -0.081644 -0.129429 -0.029989 0.991135 0.348554
-0.083090 0.996158 0.027651 -0.686625 -0.994932 -0.081348 -0.059099 -0.454863 -0.056623 -0.032421 0.997869 -0.071822
-0.071019 0.996693 0.039481 -0.544824 -0.997474 -0.070893 -0.004583 0.040665 -0.001770 -0.039707 0.999210 1.061214
-0.057718 0.996953 0.052478 -0.484245 -0.922635 -0.073346 0.378636 2.644395 0.381331 -0.026564 0.924057 -2.122262
-0.036870 0.996742 0.071721 -0.453351 -0.761629 -0.074492 0.643717 4.514191 0.646963 -0.030891 0.761895 -4.084060
-0.066115 0.997241 -0.033735 -0.245845 -0.661046 -0.069101 -0.747157 5.240050 -0.747427 -0.027098 0.663791 3.103284
-0.075999 0.997071 -0.008474 -0.359917 -0.856326 -0.069620 -0.511721 3.670244 -0.510812 -0.031634 0.859110 1.981006
-0.087717 0.996144 -0.001403 -0.299015 -0.910617 -0.080757 -0.405285 3.995376 -0.403836 -0.034273 0.914189 3.157996
-0.082226 0.996533 0.012699 -0.441433 -0.976563 -0.078022 -0.200594 3.046692 -0.198908 -0.028896 0.979592 1.721050
-0.083983 0.995947 0.032155 -0.633331 -0.995572 -0.082496 -0.045070 0.628120 -0.042234 -0.035798 0.998466 -0.222613
-0.083247 0.995855 0.036653 -0.659912 -0.995397 -0.084849 0.044548 0.758128 0.047473 -0.032776 0.998335 -0.940784
-0.081436 0.995921 0.038850 -0.728899 -0.993666 -0.084156 0.074463 0.515600 0.077429 -0.032540 0.996467 -1.891756
-0.078753 0.996115 0.039412 -0.799053 -0.988411 -0.083169 0.126991 0.578653 0.129776 -0.028954 0.991121 -2.973818
-0.075717 0.996468 0.036307 -0.819425 -0.988784 -0.079734 0.126284 0.540699 0.128733 -0.026338 0.991329 -2.620332
-0.078058 0.996324 0.035302 -0.815256 -0.988624 -0.081925 0.126137 0.605060 0.128565 -0.025054 0.991385 -2.766028
-0.077710 0.996450 0.032375 -0.810688 -0.989327 -0.081088 0.121063 0.562839 0.123259 -0.022621 0.992117 -2.799056
-0.078060 0.996340 0.034820 -0.795283 -0.989330 -0.081726 0.120612 0.577459 0.123016 -0.025033 0.992089 -2.919965
-0.079704 0.996348 0.030655 -0.785117 -0.987610 -0.083100 0.133119 0.572797 0.135180 -0.019665 0.990626 -2.765192
-0.080358 0.996561 0.020206 -0.704398 -0.988589 -0.082274 0.126187 0.827897 0.127415 -0.009835 0.991801 -2.126875
-0.088087 0.995828 0.023824 -0.697033 -0.993644 -0.089526 0.068246 0.744736 0.070094 -0.017661 0.997384 -1.250714
-0.082534 0.996472 0.015208 -0.722373 -0.992590 -0.080829 -0.090723 0.402074 -0.089174 -0.022582 0.995760 -0.026267
-0.081649 0.996381 0.023639 -0.701480 -0.973134 -0.074576 -0.217827 0.855071 -0.215276 -0.040789 0.975701 0.471387
-0.073647 0.995785 0.054667 -0.879464 -0.950088 -0.086720 0.299688 -0.460487 0.303166 -0.029867 0.952470 -1.809118
-0.073881 0.996705 0.033475 -0.839677 -0.993249 -0.076552 0.087151 -0.636829 0.089427 -0.026810 0.995633 -1.216686
-0.075795 0.996972 0.017400 -0.893534 -0.990577 -0.073290 -0.115700 -1.845404 -0.114075 -0.026005 0.993132 -0.286703
-0.075295 0.997120 0.009057 -0.958778 -0.973303 -0.071516 -0.218099 -2.476232 -0.216823 -0.025237 0.975884 2.173228
-0.082765 0.996516 0.010344 -0.939343 -0.980691 -0.079597 -0.178633 -2.212746 -0.177187 -0.024929 0.983862 0.402746
0.081771 -0.996127 0.032315 0.999361 0.996372 0.082472 0.020990 1.373427 -0.023574 0.030481 0.999257 -1.458128
-0.055953 0.997017 0.053167 -0.865337 -0.964517 -0.067737 0.255182 -1.239386 0.258022 -0.037002 0.965430 -0.426078
-0.034948 0.998059 0.051552 -0.641068 -0.830864 -0.057682 0.553479 0.895406 0.555378 -0.023490 0.831267 0.178290
0.011400 -0.996885 -0.078043 1.111236 -0.010137 0.077929 -0.996907 1.066676 0.999884 0.012156 -0.009217 1.899340
0.024804 0.996116 0.084484 -0.612955 -0.207125 -0.077556 0.975235 2.001420 0.978000 -0.041688 0.204397 0.880997
0.068960 -0.997596 0.006866 1.255029 0.963790 0.064843 -0.258660 2.437260 0.257593 0.024455 0.965944 3.010051
0.074434 -0.997081 0.017021 1.135135 0.997067 0.074107 -0.019123 1.904136 0.017806 0.018395 0.999672 0.066763
0.071173 -0.996998 0.030475 1.076337 0.997464 0.071138 -0.002219 1.842754 0.000044 0.030555 0.999533 -0.743134
0.067635 -0.997418 0.024089 1.101776 0.997709 0.067654 -0.000060 1.864673 -0.001570 0.024037 0.999710 0.475229
0.075707 -0.996847 0.023781 1.111786 0.997110 0.075533 -0.008117 1.833518 0.006295 0.024327 0.999684 0.248666
0.080454 -0.996521 0.021722 1.066300 0.996748 0.080335 -0.006299 1.726857 0.004532 0.022158 0.999744 -0.618709
0.079363 -0.996653 0.019596 1.096328 0.996814 0.079503 0.006475 1.807642 -0.008011 0.019020 0.999787 0.245699
0.079804 -0.996498 0.024940 1.054338 0.996674 0.080183 0.014543 1.916360 -0.016491 0.023696 0.999583 0.152061
0.082201 -0.996492 0.015733 1.080702 0.996500 0.082422 0.013930 1.945724 -0.015178 0.014533 0.999779 -0.372764
0.083857 -0.996321 0.017698 1.074569 0.996029 0.083273 -0.031488 1.993076 0.029898 0.020268 0.999348 0.033773
0.085979 -0.996064 0.021547 1.115792 0.995429 0.084982 -0.043578 2.103876 0.041576 0.025195 0.998818 1.486627
0.077703 -0.996681 0.024311 1.144509 0.993827 0.079371 0.077514 2.726048 -0.079187 0.018139 0.996695 -1.024642
-0.045129 0.998148 0.040784 -1.002418 -0.971458 -0.053366 0.231131 -3.111757 0.232879 -0.029188 0.972067 -0.700837
-0.028126 0.998906 0.037386 -0.862254 -0.959295 -0.037487 0.279908 -1.730840 0.281003 -0.027991 0.959299 1.779157
0.065254 -0.997834 0.008298 1.185532 0.979953 0.062511 -0.189167 2.673939 0.188239 0.020476 0.981910 -0.437019
0.072357 -0.997266 0.014920 1.163626 0.996077 0.073019 0.049981 2.429489 -0.050934 0.011245 0.998639 -0.424388
0.072512 -0.996971 0.028134 1.111787 0.987407 0.075735 0.138893 2.593999 -0.140603 0.017708 0.989908 -1.957826
0.055109 -0.997689 0.039742 1.097123 0.943067 0.065085 0.326173 3.083330 -0.328006 0.019504 0.944474 -1.917943
0.054754 -0.997528 0.044039 1.115832 0.959315 0.064788 0.274802 3.203936 -0.276976 0.027201 0.960492 -0.148566
0.057649 -0.997761 0.033911 1.123192 0.987583 0.061968 0.144357 3.076034 -0.146135 0.025168 0.988945 -0.999438
0.071679 -0.997330 0.013945 1.071545 0.990319 0.069496 -0.120161 1.793695 0.118871 0.022423 0.992657 -0.825330
0.069380 -0.997397 -0.019657 1.099224 0.918720 0.071562 -0.388372 1.036080 0.388767 0.008885 0.921293 0.294746
0.039498 -0.998957 -0.022940 0.975984 0.746229 0.044757 -0.664183 0.466678 0.664517 0.009115 0.747218 1.611521
0.049112 -0.998226 -0.033645 0.848579 0.640436 0.057322 -0.765869 -0.161354 0.766440 0.016066 0.642115 2.512589
0.064652 -0.996014 -0.061457 0.828619 0.565302 0.087306 -0.820251 -1.410978 0.822346 0.018289 0.568693 1.494592
0.067132 -0.997360 -0.027708 0.853020 0.806744 0.070601 -0.586669 -1.054801 0.587075 0.017031 0.809353 1.019246
0.073070 -0.997279 0.009775 0.806488 0.972648 0.069091 -0.221771 -2.559198 0.220492 0.025712 0.975050 2.211851
-0.067121 0.997580 0.018171 -0.591628 -0.986669 -0.063659 -0.149776 2.130671 -0.148256 -0.027982 0.988553 2.398290
-0.058087 0.997482 0.040684 -0.549226 -0.998274 -0.057685 -0.010991 2.601444 -0.008617 -0.041253 0.999111 -0.419498
-0.054251 0.998191 0.025890 -0.560412 -0.993511 -0.051364 -0.101470 1.762515 -0.099956 -0.031227 0.994502 -0.710940
0.045452 -0.998933 0.008302 0.701185 0.997474 0.044928 -0.055013 -2.486017 0.054582 0.010781 0.998451 -1.589721
0.047835 -0.998759 0.013886 0.641701 0.997713 0.047111 -0.048478 -2.723094 0.047764 0.016173 0.998728 -2.419524
0.057187 -0.998290 0.012073 0.558552 0.994596 0.055918 -0.087472 -3.651104 0.086647 0.017010 0.996094 -2.142045
0.048274 -0.998320 0.032076 0.722179 0.992535 0.051545 0.110534 -2.411601 -0.112001 0.026501 0.993355 -0.920958
0.029140 -0.997316 0.067174 0.919406 0.786961 0.064325 0.613640 -0.048165 -0.616314 0.034982 0.786723 -1.650507
0.020471 -0.996869 0.076380 1.118544 0.672262 0.070272 0.736971 1.736251 -0.740030 0.036261 0.671595 -1.617642
0.012230 -0.996530 0.082329 1.237518 0.547855 0.075555 0.833154 2.843902 -0.836484 0.034915 0.546878 -1.236036
0.034920 -0.997912 -0.054347 1.114515 0.404398 0.063838 -0.912353 -0.168169 0.913916 0.009882 0.405783 2.923986
0.056812 -0.997939 -0.029859 1.001926 0.787262 0.063171 -0.613375 -1.723570 0.613997 0.011340 0.789227 1.509752
0.055760 -0.998379 0.011430 0.869308 0.991228 0.053979 -0.120635 -2.829150 0.119822 0.018056 0.992631 1.291281
-0.051558 0.997485 0.048632 -0.700150 -0.961862 -0.062698 0.266252 2.679585 0.268631 -0.033050 0.962676 -2.041224
-0.056428 0.997357 0.045779 -0.660982 -0.944092 -0.068220 0.322547 2.921546 0.324817 -0.025019 0.945446 -2.202896
0.074943 -0.996049 0.047645 0.828226 0.971053 0.083763 0.223695 -1.452325 -0.226802 0.029501 0.973494 -1.021760
0.076456 -0.995928 0.047768 0.972658 0.979578 0.083963 0.182691 -0.868449 -0.185958 0.032825 0.982009 0.099104
-0.085807 0.996060 0.022351 -0.492366 -0.993208 -0.087287 0.076932 5.272209 0.078580 -0.015598 0.996786 -0.728607
-0.089472 0.995706 0.023749 -0.604756 -0.985723 -0.085110 -0.145280 3.653787 -0.142635 -0.036408 0.989105 0.130007
-0.108140 0.993894 0.021924 -0.417086 -0.958511 -0.098388 -0.267539 4.342005 -0.263748 -0.049946 0.963298 0.569410
-0.092929 0.995618 0.010505 -0.426543 -0.956831 -0.086381 -0.277513 4.081839 -0.275389 -0.035840 0.960665 0.812860
-0.079360 0.996555 0.024072 -0.618582 -0.988388 -0.075524 -0.131853 2.447533 -0.129581 -0.034256 0.990977 -1.425137
-0.085670 0.995876 0.029848 -0.672337 -0.983031 -0.079612 -0.165262 2.042882 -0.162204 -0.043499 0.985798 -1.833483
-0.063508 0.997803 0.018873 -0.557466 -0.934467 -0.052816 -0.352111 3.830254 -0.350341 -0.039998 0.935768 -0.609485
-0.076696 0.996759 0.024311 -0.721696 -0.983662 -0.071660 -0.165147 1.358801 -0.162869 -0.036579 0.985969 -1.849944
0.065353 -0.997859 0.002374 0.701398 0.997739 0.065382 0.015533 -1.720206 -0.015655 0.001353 0.999876 -3.143165
0.067800 -0.997642 0.010578 0.703181 0.997599 0.067639 -0.014903 -1.678737 0.014152 0.011563 0.999833 -1.481831
0.057146 -0.997656 0.037652 0.903460 0.945379 0.066197 0.319180 0.143926 -0.320924 0.017356 0.946946 0.427168
-0.077442 0.996727 0.023207 -0.572264 -0.993227 -0.075106 -0.088657 0.899121 -0.086623 -0.029916 0.995792 -0.121120
0.073596 -0.996926 0.026876 0.799209 0.986552 0.076721 0.144326 -0.656655 -0.145944 0.015892 0.989165 0.353625
0.074250 -0.996156 0.046495 0.861903 0.951896 0.084696 0.294483 -0.366860 -0.297288 0.022393 0.954525 1.146534
-0.076829 0.997003 -0.009067 -0.408161 -0.864637 -0.071152 -0.497334 2.239010 -0.496488 -0.030370 0.867512 1.131824
-0.087969 0.996105 -0.005999 -0.646520 -0.919241 -0.083498 -0.384738 -0.429231 -0.383740 -0.028331 0.923006 -0.616239
0.069510 -0.996572 0.044871 0.793800 0.945227 0.080176 0.316413 0.593864 -0.318926 0.020419 0.947560 -1.933426
0.066360 -0.996462 0.051598 0.834204 0.937074 0.080002 0.339841 1.436069 -0.342766 0.025799 0.939067 -2.463594
0.068429 -0.996875 0.039466 0.951111 0.989896 0.072768 0.121699 1.712137 -0.124191 0.030740 0.991782 -0.612287
0.078155 -0.996578 0.026879 1.067980 0.996894 0.077860 -0.011856 1.520500 0.009722 0.027722 0.999568 0.561946
0.078310 -0.996911 0.006084 0.947177 0.986791 0.076644 -0.142718 0.699542 0.141811 0.017180 0.989745 0.567715
0.091946 -0.995664 -0.014139 0.882595 0.954484 0.092171 -0.283663 0.239773 0.283736 0.012586 0.958820 0.825727
0.090601 -0.995833 -0.010276 0.866500 0.949635 0.089497 -0.300305 -0.437596 0.299973 0.017450 0.953788 1.350024
-0.066310 0.997558 0.021924 -0.505493 -0.996737 -0.065209 -0.047580 2.005389 -0.046034 -0.025007 0.998627 0.378205
-0.059095 0.997500 0.038766 -0.544757 -0.992014 -0.063016 0.109255 2.307137 0.111424 -0.032000 0.993258 -0.891212
0.077502 -0.996919 0.012004 0.621240 0.990025 0.075534 -0.118936 -2.810647 0.117663 0.021102 0.992829 -0.712960
0.073326 -0.997094 0.020661 0.581504 0.993783 0.071311 -0.085497 -3.096055 0.083776 0.026802 0.996124 -1.200934
0.054100 -0.998506 0.007720 0.583653 0.995361 0.053310 -0.080096 -5.023525 0.079565 0.012018 0.996757 -0.301555
0.067372 -0.997716 0.005023 0.541614 0.995431 0.066875 -0.068159 -3.995886 0.067668 0.009592 0.997662 -2.004046
0.067124 -0.997525 0.020929 0.605916 0.996925 0.066204 -0.041916 -3.375206 0.040427 0.023678 0.998902 -1.630726
-0.075040 0.997156 0.007106 -0.502350 -0.982530 -0.072719 -0.171309 2.682198 -0.170305 -0.019836 0.985192 -0.206685
-0.073275 0.996983 0.025630 -0.558686 -0.995255 -0.071450 -0.066050 2.101879 -0.064019 -0.030348 0.997487 -0.298938
-0.072728 0.996464 0.042080 -0.493919 -0.956672 -0.081626 0.279490 3.053059 0.281937 -0.019930 0.959226 0.051162
-0.085928 0.996220 0.012720 -0.591963 -0.983270 -0.082738 -0.162283 2.583245 -0.160617 -0.026451 0.986662 -0.935438
0.087132 -0.996119 0.012508 0.833417 0.991128 0.085416 -0.101833 -1.980127 0.100370 0.021270 0.994723 0.438779
-0.069544 0.997351 0.021360 -0.607815 -0.997276 -0.068980 -0.026109 1.874742 -0.024566 -0.023118 0.999431 0.596273
-0.069962 0.996818 0.038200 -0.558316 -0.986297 -0.074858 0.147019 3.124848 0.149411 -0.027391 0.988396 1.187199
-0.077524 0.996896 0.013711 -0.614288 -0.982774 -0.074096 -0.169311 3.336807 -0.167770 -0.026601 0.985467 -1.603496
-0.079356 0.996465 0.027567 -0.630377 -0.996844 -0.079387 0.000027 2.439210 0.002215 -0.027478 0.999620 -0.387535
0.075752 -0.996447 0.036798 0.946296 0.969524 0.082228 0.230788 -1.010704 -0.232994 0.018194 0.972308 1.376563
-0.081382 0.996609 0.012077 -0.565268 -0.934719 -0.072111 -0.347995 2.582801 -0.345945 -0.039609 0.937418 -0.460808
0.082212 -0.996606 0.004436 0.726667 0.995837 0.082323 0.039150 -1.810945 -0.039382 0.001199 0.999224 -1.088698
0.067783 -0.996144 0.055695 0.690271 0.931849 0.083155 0.353190 -0.520258 -0.356460 0.027959 0.933892 -1.449736
0.067820 -0.996787 0.042610 0.896978 0.914264 0.079189 0.397305 0.823236 -0.399403 0.012012 0.916697 -1.093847
0.066884 -0.996962 0.039904 1.035523 0.929957 0.076781 0.359561 2.084298 -0.361533 0.013061 0.932268 -1.024591
-0.095382 0.995437 0.002607 -0.826828 -0.948232 -0.090061 -0.304542 -1.123173 -0.302917 -0.031520 0.952495 -2.754788
0.066945 -0.995918 -0.060543 1.308978 0.504223 0.086130 -0.859267 4.315359 0.860975 0.026996 0.507931 5.138814
0.079003 -0.996439 -0.029472 1.524933 0.712942 0.077140 -0.696967 7.969992 0.696758 0.034051 0.716498 2.102280
0.096844 -0.995244 -0.010520 1.483433 0.882667 0.090764 -0.461151 7.349722 0.459913 0.035374 0.887259 0.803033
-0.097973 0.994959 0.021424 -0.980376 -0.994951 -0.097456 -0.023974 -3.936194 -0.021765 -0.023664 0.999483 -0.036836
-0.090739 0.995744 0.016129 -1.009972 -0.995293 -0.090120 -0.035647 -5.374867 -0.034042 -0.019288 0.999234 3.243071
-0.083481 0.996438 0.011936 -0.886893 -0.995871 -0.082994 -0.036777 -4.465473 -0.035655 -0.014957 0.999252 5.479116
-0.044588 0.997769 0.049677 -0.715719 -0.850047 -0.064016 0.522802 -1.371509 0.524816 -0.018917 0.851005 4.977259
-0.050134 0.997576 0.048236 -0.594072 -0.794839 -0.069097 0.602873 1.095448 0.604745 -0.008115 0.796378 3.300388
0.083213 -0.996003 0.032481 1.451846 0.996480 0.083495 0.007426 5.097645 -0.010108 0.031749 0.999445 2.760922
0.088700 -0.995761 0.024361 1.544379 0.989618 0.085323 -0.115653 5.658223 0.113085 0.034367 0.992991 4.750762
0.095975 -0.995324 0.010892 1.604122 0.966506 0.090568 -0.240131 6.881010 0.238022 0.033574 0.970679 5.980761
0.105331 -0.994328 0.014741 1.611509 0.979560 0.101190 -0.173846 7.585414 0.171368 0.032751 0.984663 3.800619
0.101497 -0.994633 0.020111 1.548629 0.988653 0.103096 0.109252 7.567733 -0.110739 0.008794 0.993811 -0.269495
0.094916 -0.994744 0.038408 1.508846 0.966411 0.101331 0.236180 7.060525 -0.238830 0.014701 0.970950 -1.847136
-0.086420 0.995200 0.045903 -1.157990 -0.979818 -0.093240 0.176812 -5.023442 0.180243 -0.029696 0.983174 0.530958
0.098302 -0.994703 0.030030 1.863860 0.987120 0.101291 0.123829 10.447126 -0.126215 0.017470 0.991849 -0.085207
-0.101822 0.994431 0.027235 -1.133657 -0.994509 -0.101088 -0.027092 -4.611228 -0.024188 -0.029845 0.999262 1.183499
0.094380 -0.995298 -0.021803 1.781570 0.901746 0.094748 -0.421756 8.444341 0.421838 0.020144 0.906448 3.487357
0.093382 -0.995571 -0.010798 1.653356 0.937512 0.091577 -0.335687 8.134152 0.335189 0.021223 0.941912 1.608587
-0.095443 0.994745 0.037064 -1.267413 -0.994545 -0.093718 -0.045786 -5.449079 -0.042072 -0.041232 0.998264 -1.359527
0.097277 -0.995136 -0.015552 1.397166 0.902843 0.094810 -0.419387 5.024096 0.418822 0.026756 0.907674 1.985360
0.099063 -0.995063 0.005948 1.058049 0.987814 0.097617 -0.121222 1.963375 0.120043 0.017885 0.992608 -0.545280
-0.081392 0.994681 0.063132 -0.792308 -0.925103 -0.098966 0.366592 -0.734580 0.370890 -0.028566 0.928237 -1.233382
-0.071053 0.995777 0.058125 -0.808647 -0.854357 -0.090830 0.511686 -1.041476 0.514805 -0.013303 0.857204 0.007649
-0.061211 0.996193 0.062069 -0.731767 -0.742748 -0.087002 0.663895 -0.077970 0.666768 -0.005464 0.745246 0.785891
-0.059128 0.994693 0.084210 -0.631547 -0.667669 -0.102118 0.737421 0.062154 0.742107 -0.012622 0.670163 1.793113
-0.028279 0.996519 0.078416 -0.385852 -0.500442 -0.082022 0.861876 2.212214 0.865308 -0.014870 0.501019 2.712515
0.072314 -0.995672 0.058377 1.354131 0.902441 0.090241 0.421257 5.257269 -0.424702 0.022219 0.905061 2.853887
0.011615 -0.996465 0.083204 1.242410 0.220672 0.083713 0.971749 4.336040 -0.975279 0.007073 0.220864 -0.183021
0.055624 -0.995885 0.071546 1.452027 0.750040 0.088976 0.655380 6.576552 -0.659049 0.017208 0.751903 0.065424
0.059486 -0.996479 0.059100 1.625397 0.928971 0.076930 0.362069 9.207784 -0.365340 0.033364 0.930276 -0.069083
-0.092255 0.995683 0.010225 -1.103534 -0.968741 -0.087374 -0.232178 -4.948659 -0.230282 -0.031325 0.972620 -2.556722
-0.090701 0.994622 0.050020 -1.003363 -0.977678 -0.098489 0.185595 -3.639081 0.189523 -0.032070 0.981352 -2.970641
-0.067640 0.995256 0.069921 -0.837318 -0.741562 -0.097036 0.663830 -1.871952 0.667466 -0.006949 0.744608 -1.838009
-0.036757 0.995954 0.081994 -0.743086 -0.747473 -0.081859 0.659229 -0.859135 0.663274 -0.037057 0.747458 -0.715407
-0.062662 0.995112 0.076331 -0.702789 -0.850006 -0.093292 0.518447 -0.514021 0.523034 -0.032395 0.851696 0.843866
-0.070740 0.996298 0.048842 -0.669274 -0.962998 -0.080977 0.257054 -0.974375 0.260058 -0.028851 0.965162 1.514660
-0.083096 0.995975 0.033629 -0.598565 -0.996341 -0.082355 -0.022837 -0.989506 -0.019975 -0.035404 0.999174 1.957279
-0.086502 0.996093 0.017785 -0.565729 -0.965459 -0.079411 -0.248157 -1.098430 -0.245775 -0.038637 0.968557 2.077399
0.091317 -0.995718 -0.014401 0.945109 0.878278 0.087345 -0.470105 1.634549 0.469350 0.030280 0.882493 5.068256
0.094437 -0.995531 -0.000823 1.020390 0.951211 0.090477 -0.294978 2.272136 0.293734 0.027074 0.955504 5.439489
0.087215 -0.995175 0.044947 0.965141 0.978253 0.094081 0.184848 3.508806 -0.188185 0.027848 0.981739 -0.075603
0.076479 -0.995194 0.061158 1.063138 0.942427 0.092178 0.321457 4.866690 -0.325549 0.033052 0.944947 -2.490359
0.058489 -0.995978 0.067882 1.149147 0.883647 0.083291 0.460686 5.572426 -0.464486 0.033039 0.884964 -1.713659
-0.082241 0.996601 0.004719 -0.663954 -0.991650 -0.081359 -0.100049 -1.187553 -0.099325 -0.012908 0.994971 -0.511190
-0.072788 0.997204 0.016923 -0.677758 -0.994678 -0.071342 -0.074338 -1.581554 -0.072923 -0.022244 0.997090 0.506431
-0.070753 0.997410 0.012890 -0.579917 -0.996249 -0.070014 -0.050842 -1.637596 -0.049808 -0.016439 0.998623 3.541408
0.074689 -0.997070 -0.016539 0.914945 0.962647 0.076419 -0.259753 1.604031 0.260256 0.003480 0.965533 0.619697
0.091883 -0.995728 0.009164 0.753174 0.991724 0.090677 -0.090889 0.212815 0.089670 0.017439 0.995819 -1.016523
0.078193 -0.996218 0.037892 0.852237 0.982371 0.083468 0.167273 1.190044 -0.169803 0.024144 0.985182 -1.142326
-0.071612 0.996537 0.042274 -0.672924 -0.947918 -0.081184 0.307993 -0.200395 0.310359 -0.018016 0.950449 0.503609
0.021311 -0.997192 -0.071791 1.146221 0.019507 0.072208 -0.997199 2.240474 0.999583 0.019851 0.020991 2.530247
0.035798 0.996468 0.075953 -0.620374 0.025693 -0.076894 0.996708 0.428302 0.999029 -0.033729 -0.028355 1.794916
0.027974 0.997218 0.069088 -0.337657 0.077560 -0.071072 0.994451 3.906173 0.996595 -0.022461 -0.079333 2.277225
0.072372 -0.996887 -0.031283 1.137484 0.692169 0.072783 -0.718056 2.122467 0.718097 0.030314 0.695282 3.812099
0.085504 -0.996187 -0.017361 1.156065 0.836153 0.081221 -0.542449 3.067358 0.541791 0.031865 0.839909 4.817190
0.088996 -0.995813 0.020927 0.795530 0.994312 0.087588 -0.060598 -0.308269 0.058512 0.026200 0.997943 0.851095
-0.076678 0.996183 0.041728 -0.604559 -0.968548 -0.084356 0.234093 1.052125 0.236720 -0.022465 0.971318 -0.964646
-0.058658 0.997283 0.044573 -0.606757 -0.953821 -0.069166 0.292302 0.977696 0.294591 -0.025369 0.955287 -0.394057
-0.072834 0.996661 0.036918 -0.668825 -0.990717 -0.076560 0.112328 0.836930 0.114780 -0.028394 0.992985 -0.375003
-0.067431 0.997053 0.036575 -0.659504 -0.995101 -0.069865 0.069946 1.199380 0.072295 -0.031679 0.996880 0.282511
-0.080347 0.996601 0.018169 -0.793762 -0.983221 -0.076247 -0.165718 -1.156703 -0.163769 -0.031179 0.986006 -1.186063
-0.081597 0.996598 0.011561 -0.777499 -0.975121 -0.077429 -0.207709 -1.398494 -0.206107 -0.028222 0.978123 -1.300383
-0.086820 0.996225 0.000064 -0.781784 -0.948678 -0.082657 -0.305252 -1.592373 -0.304094 -0.026563 0.952272 -0.571440
0.053005 -0.996444 0.065489 0.966899 0.802298 0.081541 0.591328 1.747307 -0.594565 0.021198 0.803768 -1.377323
-0.069254 0.997226 0.027293 -0.534233 -0.986775 -0.072496 0.144981 1.114164 0.146557 -0.016891 0.989058 0.692130
-0.069368 0.997461 0.016194 -0.551867 -0.997416 -0.069042 -0.019891 0.878909 -0.018723 -0.017532 0.999671 -0.018646
0.069689 -0.997387 -0.019028 1.056273 0.851642 0.069416 -0.519506 1.708727 0.519470 0.019998 0.854255 2.507985
0.075238 -0.997064 0.014239 0.941658 0.992539 0.073508 -0.097277 0.196070 0.095945 0.021451 0.995156 1.420994
-0.069468 0.997405 0.018924 -0.796943 -0.986074 -0.065781 -0.152745 -0.756109 -0.151103 -0.029271 0.988085 0.544954
-0.063969 0.997657 0.024271 -0.819665 -0.996490 -0.062540 -0.055649 -0.812384 -0.054001 -0.027746 0.998155 -1.166315
-0.057112 0.998093 0.023441 -0.797019 -0.997664 -0.056174 -0.038866 -0.868020 -0.037476 -0.025606 0.998969 0.623144
0.059817 -0.998088 -0.015535 1.205914 0.919506 0.061151 -0.388291 3.196562 0.388499 0.008942 0.921406 -0.570412
0.061121 -0.998123 -0.003944 1.022847 0.971082 0.060378 -0.230987 1.150094 0.230791 0.010288 0.972949 -0.951239
0.070216 -0.997367 0.018107 0.885405 0.994610 0.068610 -0.077744 0.133430 0.076297 0.023468 0.996809 -0.498996
0.072159 -0.997248 0.017022 0.879279 0.994639 0.070682 -0.075487 -0.153342 0.074076 0.022378 0.997002 -0.104047
-0.067230 0.997416 0.025301 -0.698715 -0.997732 -0.067124 -0.005005 -0.802898 -0.003293 -0.025580 0.999667 0.142714
-0.070265 0.997392 0.016497 -0.699748 -0.990660 -0.067834 -0.118283 -0.924986 -0.116856 -0.024654 0.992843 0.393804
-0.073766 0.997149 0.015853 -0.699866 -0.996784 -0.073222 -0.032550 -0.877478 -0.031297 -0.018203 0.999344 0.479719
0.068446 -0.997453 0.020022 0.819417 0.996873 0.067585 -0.040939 -0.212115 0.039482 0.022762 0.998961 -1.113293
0.059764 -0.997888 0.025480 0.833615 0.998140 0.059432 -0.013603 -0.448546 0.012060 0.026246 0.999583 -0.097354
-0.057494 0.998167 0.018974 -0.793268 -0.997772 -0.056806 -0.034992 -1.137281 -0.033850 -0.020943 0.999208 -0.262359
-0.064097 0.997667 0.023477 -0.806429 -0.997417 -0.063281 -0.033969 -1.041392 -0.032404 -0.025593 0.999147 -0.229734
-0.062017 0.997791 0.023808 -0.836097 -0.997522 -0.061171 -0.034770 -1.204598 -0.033237 -0.025905 0.999112 0.104794
-0.053353 0.998004 0.033762 -0.791994 -0.997942 -0.054493 0.033800 -0.862418 0.035573 -0.031889 0.998858 -0.043125
0.058057 -0.998160 0.017459 0.862028 0.997377 0.057237 -0.044311 -0.334342 0.043231 0.019986 0.998865 -0.622000
0.056766 -0.997624 0.039046 1.086437 0.988654 0.061618 0.136989 1.249002 -0.139070 0.030826 0.989803 1.771567
-0.065191 0.997658 0.020712 -0.911772 -0.993568 -0.062971 -0.094111 -1.544881 -0.092586 -0.026714 0.995346 -0.753696
-0.063611 0.997707 0.023136 -0.879714 -0.992148 -0.060721 -0.109341 -1.720295 -0.107685 -0.029910 0.993735 0.470818
0.076407 -0.996958 0.015416 0.932323 0.996567 0.075865 -0.033157 0.309353 0.031886 0.017897 0.999331 0.770126
0.060549 -0.997631 0.032675 0.938115 0.977370 0.065903 0.201010 1.301736 -0.202687 0.019765 0.979044 -0.267851
0.034609 -0.998466 0.043209 0.971572 0.952757 0.046017 0.300227 2.059187 -0.301755 0.030777 0.952889 -0.827823
0.048608 -0.998139 0.036832 0.972077 0.984533 0.054095 0.166638 1.643039 -0.168320 0.028163 0.985330 -1.161224
0.068729 -0.997383 0.022410 1.022153 0.997553 0.068417 -0.014377 1.033625 0.012806 0.023343 0.999645 -0.096537
0.083583 -0.996430 -0.011812 0.964041 0.939616 0.082754 -0.332075 -0.206548 0.331867 0.016657 0.943179 1.477053
0.090259 -0.995795 -0.015634 0.965794 0.934432 0.090107 -0.344554 1.220219 0.344514 0.016490 0.938636 0.747151
0.087601 -0.996156 -0.000218 0.887931 0.962954 0.084738 -0.256005 1.192685 0.255039 0.022216 0.966676 -0.006582
0.090617 -0.995881 0.002897 0.889835 0.977130 0.088348 -0.193423 0.073370 0.192370 0.020358 0.981111 0.992971
0.090201 -0.995899 0.007014 0.938830 0.985095 0.088182 -0.147689 0.872387 0.146465 0.020231 0.989009 0.277568
-0.063466 0.997922 0.011121 -0.671231 -0.976596 -0.059807 -0.206602 -0.487783 -0.205507 -0.023973 0.978362 -1.421288
-0.037893 0.999003 0.023576 -0.866562 -0.995462 -0.035677 -0.088213 -1.938900 -0.087284 -0.026812 0.995822 -2.396128
-0.047012 0.998736 0.017740 -0.751021 -0.996460 -0.045651 -0.070590 -1.916654 -0.069691 -0.020996 0.997348 0.035914
-0.064646 0.997772 0.016515 -0.687364 -0.996025 -0.063498 -0.062475 -1.953815 -0.061287 -0.020488 0.997910 1.151933
-0.078530 0.996553 0.026781 -0.746995 -0.996904 -0.078391 -0.006196 -1.350236 -0.004076 -0.027185 0.999622 0.978284
0.087527 -0.996021 0.016762 0.879630 0.992139 0.088672 0.088308 0.478758 -0.089443 0.008901 0.995952 -2.392734
-0.084213 0.996153 0.024254 -0.823473 -0.988096 -0.080338 -0.131193 -0.661008 -0.128740 -0.035013 0.991060 -4.692147
-0.083620 0.996322 0.018746 -0.735130 -0.983954 -0.079577 -0.159692 -0.994448 -0.157613 -0.031799 0.986989 -1.391185
-0.086052 0.996127 0.018065 -0.635825 -0.988048 -0.082999 -0.129892 -1.425424 -0.127889 -0.029026 0.991364 -0.109829
0.091188 -0.995553 0.023647 0.737629 0.995829 0.091090 -0.005193 0.301872 0.003016 0.024022 0.999707 -1.501679
0.088231 -0.995433 0.036460 0.836835 0.991902 0.091157 0.088440 0.199516 -0.091360 0.028361 0.995414 -0.022063
-0.083659 0.995798 0.037253 -0.741474 -0.996417 -0.083126 -0.015629 -0.154717 -0.012466 -0.038427 0.999184 -2.039915
-0.075388 0.996905 0.022279 -0.764238 -0.994422 -0.073510 -0.075631 -0.570768 -0.073759 -0.027856 0.996887 -0.925449
-0.069584 0.996771 0.040068 -0.671463 -0.997185 -0.068376 -0.030777 -0.569957 -0.027938 -0.042097 0.998723 1.415750
0.081411 -0.996674 -0.003630 0.865264 0.973612 0.080305 -0.213613 0.168872 0.213194 0.013857 0.976912 -1.601334
0.079578 -0.996824 0.002864 0.707589 0.988675 0.078560 -0.127867 -0.877555 0.127236 0.013007 0.991787 -0.625399
0.069096 -0.997521 0.013267 0.718439 0.990683 0.067046 -0.118537 -0.692030 0.117354 0.021334 0.992861 0.546081
0.064892 -0.997403 0.031279 0.787158 0.992937 0.067658 0.097467 0.518612 -0.099330 0.024733 0.994747 -0.819780
0.057397 -0.996415 0.062151 1.025113 0.889747 0.079291 0.449514 2.048585 -0.452830 0.029498 0.891109 -1.066429
0.082712 -0.995243 0.051474 1.187514 0.954829 0.093934 0.281917 1.889399 -0.285411 0.025830 0.958057 2.926403
-0.091611 0.995738 0.010599 -0.765730 -0.976202 -0.087703 -0.198336 -0.752298 -0.196562 -0.028516 0.980077 -1.022131
-0.083656 0.996454 0.009008 -0.794775 -0.954048 -0.077479 -0.289464 -1.959815 -0.287740 -0.032809 0.957146 0.573173
0.070962 -0.997479 -0.000131 0.884623 0.993216 0.070671 -0.092344 0.533751 0.092121 0.006423 0.995727 -0.342822
0.069246 -0.997271 0.025579 0.937137 0.997486 0.068829 -0.016862 0.674721 0.015055 0.026682 0.999530 -0.368500
0.063375 -0.997342 0.035961 1.012675 0.975388 0.069525 0.209249 1.379666 -0.211193 0.021815 0.977201 -1.413692
0.061400 -0.996739 0.052371 1.077202 0.949189 0.074536 0.305754 2.000333 -0.308660 0.030937 0.950669 0.102158
-0.057783 0.997400 0.043064 -0.638642 -0.974887 -0.065666 0.212800 0.899177 0.215074 -0.029686 0.976146 1.199595
0.071171 -0.997366 0.014040 1.007398 0.997396 0.071324 0.010720 0.809189 -0.011693 0.013241 0.999844 -1.291354
0.087422 -0.996154 0.005879 1.013731 0.994781 0.086987 -0.053329 0.596364 0.052612 0.010511 0.998560 0.704268
0.096982 -0.995286 -0.001248 0.966350 0.974988 0.095256 -0.200811 0.429049 0.199983 0.018258 0.979629 -0.491343
-0.096922 0.995256 0.008529 -0.662400 -0.961263 -0.091383 -0.260044 0.807969 -0.258031 -0.033403 0.965559 0.403694
0.097608 -0.995171 0.010325 0.831861 0.990331 0.096096 -0.100048 -0.338120 0.098572 0.019991 0.994929 -0.101652
-0.099640 0.994105 0.042783 -0.694280 -0.981299 -0.105291 0.161140 -0.192448 0.164694 -0.025927 0.986004 -0.568130
0.097875 -0.994965 0.021577 0.812697 0.995160 0.098040 0.006741 -0.746532 -0.008822 0.020813 0.999745 0.317269
0.105764 -0.994364 0.007504 0.735470 0.985005 0.103728 -0.137866 -1.300160 0.136310 0.021973 0.990422 -0.827077
0.105466 -0.994421 -0.002104 0.679950 0.983385 0.104609 -0.148364 -1.814181 0.147757 0.013578 0.988931 -0.451743
0.111808 -0.993660 0.011745 0.581333 0.992943 0.111241 -0.041111 -1.791369 0.039544 0.016259 0.999085 -0.707431
